local path = {
    Vector3.new(188.38, 40.05, -89.03),
    Vector3.new(188.71, 39.90, -87.48),
    Vector3.new(190.33, 39.85, -80.06),
    Vector3.new(190.88, 39.53, -77.36),
    Vector3.new(192.82, 39.34, -68.42),
    Vector3.new(194.74, 39.07, -59.53),
    Vector3.new(196.21, 40.25, -52.18),
    Vector3.new(197.67, 41.26, -42.44),
    Vector3.new(200.15, 39.37, -34.62),
    Vector3.new(200.37, 39.29, -33.59),
    Vector3.new(200.37, 39.58, -33.63),
    Vector3.new(200.35, 39.76, -33.69),
    Vector3.new(200.34, 39.86, -33.77),
    Vector3.new(200.32, 39.91, -33.86),
    Vector3.new(200.28, 39.97, -34.03),
    Vector3.new(192.62, 44.20, -30.46),
    Vector3.new(183.38, 38.80, -25.28),
    Vector3.new(176.39, 38.61, -23.03),
    Vector3.new(167.43, 38.17, -18.88),
    Vector3.new(159.88, 38.13, -14.92),
    Vector3.new(156.61, 37.83, -13.67),
    Vector3.new(149.08, 38.04, -9.38),
    Vector3.new(142.71, 37.64, -5.71),
    Vector3.new(134.96, 37.33, -1.27),
    Vector3.new(127.52, 36.79, 3.09),
    Vector3.new(120.50, 36.52, 7.15),
    Vector3.new(113.80, 36.24, 11.04),
    Vector3.new(106.30, 35.76, 15.39),
    Vector3.new(99.20, 35.89, 19.53),
    Vector3.new(98.50, 36.33, 20.09),
    Vector3.new(91.62, 38.36, 24.24),
    Vector3.new(84.18, 39.46, 28.63),
    Vector3.new(75.40, 38.26, 33.26),
    Vector3.new(69.89, 38.47, 36.40),
    Vector3.new(62.58, 38.50, 40.57),
    Vector3.new(54.91, 38.77, 44.94),
    Vector3.new(47.29, 39.04, 49.28),
    Vector3.new(40.34, 39.22, 53.25),
    Vector3.new(33.49, 39.46, 57.15),
    Vector3.new(26.15, 38.82, 62.42),
    Vector3.new(19.73, 38.26, 67.03),
    Vector3.new(11.95, 37.52, 72.62),
    Vector3.new(5.86, 36.90, 76.99),
    Vector3.new(-2.07, 36.15, 82.69),
    Vector3.new(-7.80, 35.65, 86.80),
    Vector3.new(-14.19, 34.98, 91.39),
    Vector3.new(-21.23, 34.22, 96.45),
    Vector3.new(-28.11, 34.21, 101.39),
    Vector3.new(-30.32, 35.33, 103.06),
    Vector3.new(-37.13, 37.53, 107.81),
    Vector3.new(-43.58, 38.56, 112.29),
    Vector3.new(-50.77, 39.85, 117.29),
    Vector3.new(-58.00, 41.06, 122.32),
    Vector3.new(-65.10, 42.58, 127.27),
    Vector3.new(-71.35, 44.37, 131.61),
    Vector3.new(-78.41, 45.05, 136.52),
    Vector3.new(-79.31, 44.99, 137.15),
    Vector3.new(-84.56, 46.84, 143.12),
    Vector3.new(-90.00, 48.51, 149.29),
    Vector3.new(-95.51, 49.97, 155.54),
    Vector3.new(-100.58, 52.02, 161.33),
    Vector3.new(-110.41, 54.81, 172.45),
    Vector3.new(-112.07, 55.34, 174.34),
    Vector3.new(-117.11, 56.81, 180.05),
    Vector3.new(-121.35, 58.17, 184.86),
    Vector3.new(-128.85, 62.22, 188.83),
    Vector3.new(-135.25, 65.51, 192.21),
    Vector3.new(-141.96, 69.30, 195.76),
    Vector3.new(-150.39, 73.71, 200.23),
    Vector3.new(-155.55, 76.34, 202.96),
    Vector3.new(-163.01, 80.47, 206.90),
    Vector3.new(-165.96, 81.72, 208.46),
    Vector3.new(-173.88, 83.71, 213.93),
    Vector3.new(-179.21, 84.95, 217.61),
    Vector3.new(-186.29, 86.61, 222.49),
    Vector3.new(-192.97, 88.14, 227.10),
    Vector3.new(-199.33, 89.52, 231.50),
    Vector3.new(-206.08, 91.75, 236.15),
    Vector3.new(-212.04, 92.94, 240.26),
    Vector3.new(-217.20, 94.84, 246.44),
    Vector3.new(-222.99, 96.99, 253.38),
    Vector3.new(-228.30, 98.84, 259.74),
    Vector3.new(-234.41, 100.74, 267.06),
    Vector3.new(-238.53, 102.16, 271.99),
    Vector3.new(-244.77, 104.95, 279.42),
    Vector3.new(-248.77, 105.82, 284.26),
    Vector3.new(-251.14, 106.42, 287.10),
    Vector3.new(-252.82, 111.27, 291.37),
    Vector3.new(-254.85, 116.92, 296.55),
    Vector3.new(-256.76, 122.22, 301.40),
    Vector3.new(-258.96, 128.34, 307.00),
    Vector3.new(-261.28, 135.19, 312.91),
    Vector3.new(-261.60, 136.05, 313.74),
    Vector3.new(-269.91, 138.86, 319.09),
    Vector3.new(-277.50, 141.06, 323.98),
    Vector3.new(-285.07, 143.21, 328.86),
    Vector3.new(-291.97, 145.28, 333.31),
    Vector3.new(-293.68, 145.66, 334.41),
    Vector3.new(-299.77, 149.47, 339.10),
    Vector3.new(-307.48, 156.12, 342.79),
    Vector3.new(-311.33, 160.43, 345.45),
    Vector3.new(-323.50, 168.35, 352.50),
    Vector3.new(-329.05, 172.82, 355.87),
    Vector3.new(-333.51, 175.21, 361.51),
    Vector3.new(-338.37, 177.51, 367.66),
    Vector3.new(-343.82, 180.34, 374.55),
    Vector3.new(-348.08, 182.80, 379.94),
    Vector3.new(-353.63, 185.66, 386.96),
    Vector3.new(-358.71, 188.24, 393.39),
    Vector3.new(-363.05, 190.56, 398.88),
    Vector3.new(-367.94, 193.44, 405.06),
    Vector3.new(-372.90, 195.88, 411.33),
    Vector3.new(-378.11, 195.89, 418.19),
    Vector3.new(-383.36, 195.53, 425.09),
    Vector3.new(-388.55, 195.21, 431.92),
    Vector3.new(-392.93, 194.98, 437.68),
    Vector3.new(-398.32, 194.67, 444.76),
    Vector3.new(-403.35, 194.37, 451.38),
    Vector3.new(-408.19, 194.08, 457.74),
    Vector3.new(-412.99, 194.04, 464.05),
    Vector3.new(-420.57, 193.56, 460.73),
    Vector3.new(-427.88, 193.10, 457.57),
    Vector3.new(-435.71, 192.92, 454.15),
    Vector3.new(-443.02, 192.54, 450.95),
    Vector3.new(-451.34, 192.07, 447.35),
    Vector3.new(-458.89, 192.43, 444.05),
    Vector3.new(-466.17, 191.53, 440.88),
    Vector3.new(-471.22, 186.72, 443.94),
    Vector3.new(-475.99, 180.65, 446.83),
    Vector3.new(-481.00, 174.72, 449.86),
    Vector3.new(-486.05, 168.54, 452.92),
    Vector3.new(-491.57, 162.78, 456.19),
    Vector3.new(-496.54, 156.27, 459.28),
    Vector3.new(-500.44, 151.63, 461.65),
    Vector3.new(-502.88, 145.02, 457.39),
    Vector3.new(-505.33, 137.80, 453.11),
    Vector3.new(-507.49, 131.67, 449.33),
    Vector3.new(-510.02, 124.20, 444.90),
    Vector3.new(-512.50, 116.98, 440.57),
    Vector3.new(-514.84, 110.18, 436.49),
    Vector3.new(-517.13, 103.49, 432.48),
    Vector3.new(-518.66, 99.01, 429.80),
    Vector3.new(-519.75, 106.98, 430.18),
    Vector3.new(-521.93, 115.81, 430.49),
    Vector3.new(-524.37, 124.45, 431.32),
    Vector3.new(-525.37, 132.10, 431.80),
    Vector3.new(-526.94, 140.14, 432.30),
    Vector3.new(-528.48, 148.12, 432.79),
    Vector3.new(-530.00, 156.02, 433.30),
    Vector3.new(-531.58, 164.23, 433.78),
    Vector3.new(-533.20, 172.61, 434.30),
    Vector3.new(-534.77, 180.77, 434.80),
    Vector3.new(-536.29, 188.58, 435.28),
    Vector3.new(-537.87, 196.59, 435.77),
    Vector3.new(-539.46, 205.18, 436.26),
    Vector3.new(-545.65, 204.79, 441.74),
    Vector3.new(-551.92, 200.94, 446.97),
    Vector3.new(-558.01, 198.76, 452.20),
    Vector3.new(-564.09, 196.66, 458.23),
    Vector3.new(-570.09, 194.60, 462.58),
    Vector3.new(-576.39, 192.39, 467.99),
    Vector3.new(-582.64, 190.16, 473.36),
    Vector3.new(-589.19, 187.81, 478.99),
    Vector3.new(-595.29, 185.84, 484.23),
    Vector3.new(-595.27, 186.01, 484.22),
    Vector3.new(-600.62, 180.51, 489.80),
    Vector3.new(-605.86, 175.01, 495.26),
    Vector3.new(-611.42, 171.60, 499.86),
    Vector3.new(-614.27, 166.72, 504.03),
    Vector3.new(-619.53, 161.59, 509.44),
    Vector3.new(-623.59, 157.06, 513.76),
    Vector3.new(-628.26, 152.16, 518.62),
    Vector3.new(-629.39, 150.14, 519.88),
    Vector3.new(-629.28, 159.02, 519.41),
    Vector3.new(-629.83, 167.33, 520.09),
    Vector3.new(-630.38, 174.41, 520.59),
    Vector3.new(-631.37, 183.62, 519.12),
    Vector3.new(-630.44, 192.80, 521.26),
    Vector3.new(-631.11, 198.89, 522.57),
    Vector3.new(-632.22, 209.68, 520.14),
    Vector3.new(-633.13, 217.93, 521.11),
    Vector3.new(-633.28, 227.65, 520.80),
    Vector3.new(-634.13, 231.38, 521.47),
    Vector3.new(-639.06, 237.25, 526.30),
    Vector3.new(-643.53, 241.97, 530.66),
    Vector3.new(-648.45, 247.36, 535.52),
    Vector3.new(-651.97, 251.06, 538.73),
    Vector3.new(-652.66, 244.16, 540.47),
    Vector3.new(-655.24, 235.86, 543.28),
    Vector3.new(-657.04, 227.65, 545.68),
    Vector3.new(-658.80, 219.59, 548.05),
    Vector3.new(-660.43, 212.55, 550.52),
    Vector3.new(-660.69, 220.87, 551.58),
    Vector3.new(-660.50, 228.75, 551.83),
    Vector3.new(-659.66, 236.99, 553.95),
    Vector3.new(-660.69, 245.02, 553.82),
    Vector3.new(-662.10, 254.98, 556.23),
    Vector3.new(-662.38, 261.87, 557.02),
    Vector3.new(-662.60, 265.96, 557.59),
    Vector3.new(-669.35, 268.70, 562.49),
    Vector3.new(-675.54, 271.05, 566.99),
    Vector3.new(-682.31, 273.25, 571.91),
    Vector3.new(-688.78, 275.47, 576.62),
    Vector3.new(-696.43, 278.10, 582.18),
    Vector3.new(-702.10, 280.03, 586.30),
    Vector3.new(-710.55, 282.94, 592.44),
    Vector3.new(-715.00, 284.37, 595.68),
    Vector3.new(-721.18, 286.67, 600.18),
    Vector3.new(-723.47, 287.49, 601.84),
    Vector3.new(-729.01, 292.97, 604.72),
    Vector3.new(-734.74, 298.44, 607.71),
    Vector3.new(-740.17, 303.64, 610.54),
    Vector3.new(-746.21, 309.41, 613.69),
    Vector3.new(-752.26, 315.20, 616.84),
    Vector3.new(-757.22, 319.93, 619.42),
    Vector3.new(-762.91, 325.36, 622.38),
    Vector3.new(-766.28, 329.17, 624.07),
    Vector3.new(-767.32, 334.84, 628.46),
    Vector3.new(-769.56, 342.60, 634.85),
    Vector3.new(-770.76, 347.15, 638.77),
    Vector3.new(-772.79, 354.87, 645.41),
    Vector3.new(-774.01, 359.50, 649.40),
    Vector3.new(-776.08, 367.40, 656.19),
    Vector3.new(-777.35, 372.97, 660.00),
    Vector3.new(-778.82, 377.58, 665.17),
    Vector3.new(-781.29, 379.97, 667.00),
    Vector3.new(-788.74, 386.43, 672.55),
    Vector3.new(-791.98, 389.29, 674.96),
    Vector3.new(-800.24, 396.52, 681.11),
    Vector3.new(-802.90, 398.78, 683.08),
    Vector3.new(-812.88, 407.60, 690.51),
    Vector3.new(-814.73, 409.11, 691.89),
    Vector3.new(-823.28, 416.71, 698.26),
    Vector3.new(-825.75, 418.71, 700.09),
    Vector3.new(-833.90, 426.10, 706.16),
    Vector3.new(-836.70, 428.58, 708.25),
    Vector3.new(-841.56, 433.09, 711.86),
    Vector3.new(-854.99, 437.48, 713.17),
    Vector3.new(-857.65, 438.31, 713.42),
    Vector3.new(-866.74, 441.25, 714.31),
    Vector3.new(-873.18, 443.28, 714.94),
    Vector3.new(-881.22, 445.86, 715.72),
    Vector3.new(-890.07, 449.44, 716.16),
    Vector3.new(-896.34, 451.30, 717.19),
    Vector3.new(-912.91, 456.88, 718.80),
    Vector3.new(-922.34, 459.61, 719.73),
    Vector3.new(-926.38, 460.87, 720.51),
    Vector3.new(-926.48, 461.06, 720.58),
    Vector3.new(-927.48, 464.65, 721.63),
    Vector3.new(-927.67, 471.04, 722.53),
    Vector3.new(-931.08, 478.11, 725.64),
    Vector3.new(-933.16, 485.62, 727.93),
    Vector3.new(-935.17, 492.99, 730.15),
    Vector3.new(-937.21, 501.00, 732.33),
    Vector3.new(-941.18, 508.19, 733.76),
    Vector3.new(-945.35, 513.91, 736.36),
    Vector3.new(-949.74, 520.86, 738.54),
    Vector3.new(-952.21, 528.69, 739.70),
    Vector3.new(-958.09, 536.73, 742.44),
    Vector3.new(-963.10, 542.20, 745.16),
    Vector3.new(-967.26, 549.08, 747.23),
    Vector3.new(-971.21, 555.96, 749.12),
    Vector3.new(-975.17, 561.81, 751.15),
    Vector3.new(-979.93, 568.96, 753.56),
    Vector3.new(-983.83, 574.66, 755.54),
    Vector3.new(-988.59, 581.66, 757.94),
    Vector3.new(-993.16, 588.58, 760.26),
    Vector3.new(-997.36, 594.77, 762.39),
    Vector3.new(-1001.79, 601.24, 764.63),
    Vector3.new(-1006.50, 608.34, 767.02),
    Vector3.new(-1011.03, 615.06, 769.31),
    Vector3.new(-1015.31, 621.57, 771.48),
    Vector3.new(-1019.59, 627.64, 773.64),
    Vector3.new(-1024.42, 635.21, 776.09),
    Vector3.new(-1026.55, 639.00, 777.16),
    Vector3.new(-1027.43, 645.84, 782.77),
    Vector3.new(-1028.31, 652.59, 788.31),
    Vector3.new(-1029.32, 660.37, 794.73),
    Vector3.new(-1029.96, 665.25, 798.80),
    Vector3.new(-1030.95, 672.82, 805.08),
    Vector3.new(-1031.64, 678.04, 809.43),
    Vector3.new(-1032.44, 686.40, 814.95),
    Vector3.new(-1033.26, 690.60, 819.73),
    Vector3.new(-1034.07, 700.39, 826.25),
    Vector3.new(-1034.99, 704.36, 830.71),
    Vector3.new(-1038.06, 714.39, 837.88),
    Vector3.new(-1039.00, 717.43, 840.06),
    Vector3.new(-1041.73, 726.17, 846.45),
    Vector3.new(-1043.06, 730.41, 849.55),
    Vector3.new(-1045.31, 737.61, 854.79),
    Vector3.new(-1046.97, 742.87, 858.66),
    Vector3.new(-1050.10, 752.70, 864.00),
    Vector3.new(-1051.17, 757.07, 868.46),
    Vector3.new(-1051.54, 757.96, 869.33),
    Vector3.new(-1052.75, 760.56, 872.43),
    Vector3.new(-1055.52, 766.06, 879.50),
    Vector3.new(-1057.67, 770.34, 885.01),
    Vector3.new(-1061.41, 777.78, 894.59),
    Vector3.new(-1062.50, 779.89, 897.36),
    Vector3.new(-1066.09, 787.35, 906.55),
    Vector3.new(-1067.41, 790.10, 909.95),
    Vector3.new(-1072.51, 797.53, 918.14),
    Vector3.new(-1074.46, 800.38, 921.27),
    Vector3.new(-1079.17, 807.13, 928.84),
    Vector3.new(-1081.55, 810.52, 932.67),
    Vector3.new(-1085.11, 815.59, 938.40),
    Vector3.new(-1089.16, 821.47, 944.91),
    Vector3.new(-1091.92, 825.39, 949.36),
    Vector3.new(-1095.43, 830.43, 955.01),
    Vector3.new(-1099.05, 835.62, 960.83),
    Vector3.new(-1102.47, 840.82, 966.65),
    Vector3.new(-1105.98, 845.67, 972.00),
    Vector3.new(-1105.98, 845.30, 972.00),
    Vector3.new(-1107.41, 848.12, 978.43),
    Vector3.new(-1109.89, 850.78, 985.54),
    Vector3.new(-1112.02, 853.69, 992.89),
    Vector3.new(-1116.86, 860.15, 1009.63),
    Vector3.new(-1119.29, 863.32, 1018.07),
    Vector3.new(-1123.29, 868.75, 1031.89),
    Vector3.new(-1125.17, 871.27, 1038.40),
    Vector3.new(-1128.09, 875.81, 1047.09),
    Vector3.new(-1129.00, 876.69, 1051.65),
    Vector3.new(-1130.31, 878.61, 1056.18),
    Vector3.new(-1131.89, 883.69, 1065.23),
    Vector3.new(-1132.64, 887.04, 1069.89),
    Vector3.new(-1134.17, 891.33, 1078.23),
    Vector3.new(-1135.88, 896.39, 1087.98),
    Vector3.new(-1136.79, 899.33, 1093.22),
    Vector3.new(-1137.88, 902.75, 1099.41),
    Vector3.new(-1140.16, 909.73, 1112.42),
    Vector3.new(-1140.96, 912.24, 1117.01),
    Vector3.new(-1142.76, 918.25, 1127.16),
    Vector3.new(-1143.76, 921.08, 1133.01),
    Vector3.new(-1144.07, 921.81, 1134.73),
    Vector3.new(-1148.59, 924.13, 1132.92),
    Vector3.new(-1158.38, 928.76, 1129.02),
    Vector3.new(-1163.25, 931.03, 1127.08),
    Vector3.new(-1171.37, 934.88, 1123.85),
    Vector3.new(-1175.70, 936.89, 1122.13),
    Vector3.new(-1184.46, 941.04, 1118.64),
    Vector3.new(-1189.66, 943.47, 1116.58),
    Vector3.new(-1196.66, 946.76, 1113.79),
    Vector3.new(-1203.52, 950.00, 1111.06),
    Vector3.new(-1210.94, 954.85, 1108.07),
    Vector3.new(-1217.27, 957.12, 1105.58),
    Vector3.new(-1221.74, 960.54, 1103.66),
    Vector3.new(-1227.89, 965.02, 1101.01),
    Vector3.new(-1234.16, 969.58, 1098.32),
    Vector3.new(-1240.50, 974.19, 1095.58),
    Vector3.new(-1247.70, 979.44, 1092.49),
    Vector3.new(-1253.87, 983.93, 1089.83),
    Vector3.new(-1260.42, 989.86, 1087.13),
    Vector3.new(-1266.47, 993.99, 1084.41),
    Vector3.new(-1272.80, 998.52, 1081.67),
    Vector3.new(-1279.44, 1003.14, 1078.83),
    Vector3.new(-1285.70, 1007.70, 1076.13),
    Vector3.new(-1291.86, 1012.18, 1073.49),
    Vector3.new(-1298.08, 1016.71, 1070.81),
    Vector3.new(-1304.54, 1022.95, 1068.33),
    Vector3.new(-1311.40, 1026.32, 1065.08),
    Vector3.new(-1317.12, 1030.73, 1062.62),
    Vector3.new(-1324.91, 1037.74, 1059.08),
    Vector3.new(-1329.82, 1041.01, 1057.06),
    Vector3.new(-1334.10, 1043.44, 1055.31),
    Vector3.new(-1340.10, 1049.04, 1054.87),
    Vector3.new(-1346.11, 1054.49, 1054.42),
    Vector3.new(-1352.33, 1060.11, 1053.96),
    Vector3.new(-1358.31, 1065.51, 1053.52),
    Vector3.new(-1364.19, 1071.89, 1052.74),
    Vector3.new(-1371.00, 1077.52, 1052.56),
    Vector3.new(-1377.02, 1082.95, 1052.13),
    Vector3.new(-1383.34, 1088.66, 1051.67),
    Vector3.new(-1389.06, 1094.46, 1051.34),
    Vector3.new(-1393.47, 1100.25, 1050.75),
    Vector3.new(-1401.30, 1105.35, 1050.34),
    Vector3.new(-1406.93, 1110.49, 1049.92),
    Vector3.new(-1412.99, 1115.93, 1049.47),
    Vector3.new(-1414.66, 1117.40, 1049.35),
    Vector3.new(-1421.00, 1123.22, 1050.72),
    Vector3.new(-1437.92, 1136.96, 1054.41),
    Vector3.new(-1441.42, 1139.78, 1055.17),
    Vector3.new(-1450.76, 1147.37, 1057.22),
    Vector3.new(-1454.49, 1150.44, 1058.03),
    Vector3.new(-1459.20, 1154.29, 1059.06),
    Vector3.new(-1465.35, 1159.33, 1060.41),
    Vector3.new(-1471.70, 1164.53, 1061.79),
    Vector3.new(-1478.17, 1169.83, 1063.20),
    Vector3.new(-1484.20, 1174.76, 1064.52),
    Vector3.new(-1490.41, 1179.85, 1065.87),
    Vector3.new(-1492.12, 1181.21, 1066.25),
    Vector3.new(-1498.87, 1185.41, 1064.16),
    Vector3.new(-1505.61, 1189.90, 1062.07),
    Vector3.new(-1512.40, 1194.43, 1059.98),
    Vector3.new(-1518.87, 1198.75, 1057.97),
    Vector3.new(-1525.94, 1203.47, 1055.79),
    Vector3.new(-1533.01, 1208.19, 1053.60),
    Vector3.new(-1539.65, 1212.62, 1051.55),
    Vector3.new(-1546.39, 1217.11, 1049.46),
    Vector3.new(-1553.05, 1221.55, 1047.40),
    Vector3.new(-1559.30, 1225.72, 1045.47),
    Vector3.new(-1567.39, 1230.65, 1042.97),
    Vector3.new(-1580.54, 1239.60, 1038.96),
    Vector3.new(-1585.30, 1243.07, 1037.43),
    Vector3.new(-1593.40, 1248.76, 1034.92),
    Vector3.new(-1596.89, 1251.38, 1033.84),
    Vector3.new(-1600.01, 1252.87, 1032.88),
    Vector3.new(-1600.78, 1253.34, 1032.64),
    Vector3.new(-1605.23, 1256.89, 1028.11),
    Vector3.new(-1610.37, 1262.41, 1022.90),
    Vector3.new(-1615.02, 1267.40, 1018.17),
    Vector3.new(-1619.66, 1272.38, 1013.45),
    Vector3.new(-1625.36, 1280.93, 1008.07),
    Vector3.new(-1630.51, 1285.60, 1002.41),
    Vector3.new(-1633.70, 1289.06, 999.17),
    Vector3.new(-1639.14, 1294.91, 993.65),
    Vector3.new(-1642.94, 1298.98, 989.79),
    Vector3.new(-1648.38, 1307.37, 983.92),
    Vector3.new(-1652.08, 1311.18, 980.16),
    Vector3.new(-1657.44, 1316.05, 974.97),
    Vector3.new(-1661.93, 1320.05, 970.49),
    Vector3.new(-1662.23, 1320.26, 970.18),
    Vector3.new(-1670.08, 1328.51, 963.77),
    Vector3.new(-1672.83, 1332.66, 961.15),
    Vector3.new(-1680.47, 1339.22, 955.28),
    Vector3.new(-1683.34, 1342.16, 952.94),
    Vector3.new(-1687.79, 1346.72, 949.31),
    Vector3.new(-1692.35, 1351.41, 945.58),
    Vector3.new(-1697.60, 1356.75, 941.30),
    Vector3.new(-1703.20, 1362.63, 936.73),
    Vector3.new(-1706.76, 1367.84, 932.87),
    Vector3.new(-1711.29, 1373.69, 928.58),
    Vector3.new(-1716.57, 1379.11, 924.43),
    Vector3.new(-1722.37, 1383.26, 921.09),
    Vector3.new(-1724.07, 1384.75, 919.70),
    Vector3.new(-1729.89, 1391.31, 920.87),
    Vector3.new(-1735.98, 1397.91, 922.08),
    Vector3.new(-1741.27, 1403.64, 923.14),
    Vector3.new(-1749.51, 1412.52, 924.79),
    Vector3.new(-1755.74, 1419.25, 926.04),
    Vector3.new(-1758.09, 1423.11, 926.44),
    Vector3.new(-1767.08, 1431.49, 928.31),
    Vector3.new(-1769.86, 1434.43, 928.86),
    Vector3.new(-1774.25, 1439.16, 929.74),
    Vector3.new(-1779.75, 1445.16, 930.84),
    Vector3.new(-1784.31, 1452.31, 931.84),
    Vector3.new(-1791.78, 1459.04, 933.25),
    Vector3.new(-1797.26, 1464.96, 934.35),
    Vector3.new(-1802.70, 1470.83, 935.44),
    Vector3.new(-1808.20, 1476.76, 936.54),
    Vector3.new(-1813.71, 1482.71, 937.64),
    Vector3.new(-1819.20, 1489.81, 938.76),
    Vector3.new(-1822.79, 1492.51, 939.46),
    Vector3.new(-1828.75, 1497.76, 939.11),
    Vector3.new(-1834.84, 1503.00, 938.75),
    Vector3.new(-1841.05, 1508.31, 938.38),
    Vector3.new(-1847.45, 1513.78, 938.01),
    Vector3.new(-1853.80, 1519.20, 937.63),
    Vector3.new(-1859.98, 1524.44, 937.27),
    Vector3.new(-1866.37, 1529.98, 936.89),
    Vector3.new(-1872.60, 1535.26, 936.53),
    Vector3.new(-1878.77, 1540.54, 936.16),
    Vector3.new(-1885.07, 1545.92, 935.79),
    Vector3.new(-1890.33, 1553.21, 934.48),
    Vector3.new(-1897.66, 1557.71, 935.04),
    Vector3.new(-1904.45, 1563.48, 934.65),
    Vector3.new(-1910.40, 1568.57, 934.30),
    Vector3.new(-1916.73, 1573.97, 933.92),
    Vector3.new(-1922.16, 1580.95, 932.55),
    Vector3.new(-1930.10, 1585.41, 933.14),
    Vector3.new(-1935.63, 1590.07, 932.81),
    Vector3.new(-1941.75, 1596.26, 932.41),
    Vector3.new(-1946.25, 1599.29, 932.18),
    Vector3.new(-1951.47, 1604.27, 935.16),
    Vector3.new(-1957.35, 1608.98, 938.41),
    Vector3.new(-1963.24, 1613.81, 941.73),
    Vector3.new(-1969.05, 1618.66, 944.99),
    Vector3.new(-1975.16, 1623.60, 948.43),
    Vector3.new(-1980.71, 1628.16, 951.54),
    Vector3.new(-1986.62, 1632.99, 954.87),
    Vector3.new(-1992.37, 1637.76, 958.10),
    Vector3.new(-1998.18, 1642.54, 961.37),
    Vector3.new(-2004.06, 1647.38, 964.67),
    Vector3.new(-2009.89, 1652.17, 967.95),
    Vector3.new(-2015.84, 1657.07, 971.29),
    Vector3.new(-2021.71, 1661.86, 974.60),
    Vector3.new(-2027.93, 1667.07, 978.09),
    Vector3.new(-2033.68, 1671.52, 981.32),
    Vector3.new(-2051.45, 1684.23, 979.38),
    Vector3.new(-2057.30, 1688.59, 978.75),
    Vector3.new(-2067.53, 1696.15, 977.63),
    Vector3.new(-2072.59, 1700.14, 977.08),
    Vector3.new(-2077.27, 1703.45, 976.57),
    Vector3.new(-2083.35, 1708.11, 975.91),
    Vector3.new(-2088.55, 1711.77, 975.34),
    Vector3.new(-2094.61, 1716.24, 974.68),
    Vector3.new(-2101.19, 1721.37, 973.97),
    Vector3.new(-2106.93, 1725.98, 973.34),
    Vector3.new(-2114.11, 1731.29, 972.56),
    Vector3.new(-2121.06, 1737.04, 971.80),
    Vector3.new(-2127.44, 1742.03, 971.11),
    Vector3.new(-2133.96, 1746.63, 970.40),
    Vector3.new(-2134.85, 1747.22, 970.32),
    Vector3.new(-2141.56, 1751.07, 971.84),
    Vector3.new(-2148.68, 1755.01, 973.46),
    Vector3.new(-2156.02, 1759.08, 975.14),
    Vector3.new(-2162.80, 1762.83, 976.68),
    Vector3.new(-2169.64, 1768.29, 979.58),
    Vector3.new(-2177.03, 1771.96, 980.35),
    Vector3.new(-2184.58, 1775.73, 981.77),
    Vector3.new(-2191.62, 1779.31, 983.23),
    Vector3.new(-2198.72, 1783.24, 984.85),
    Vector3.new(-2206.10, 1787.44, 986.54),
    Vector3.new(-2231.73, 1801.52, 992.37),
    Vector3.new(-2243.51, 1807.97, 995.06),
    Vector3.new(-2253.46, 1813.57, 997.32),
    Vector3.new(-2259.28, 1816.85, 998.65),
    Vector3.new(-2264.51, 1820.06, 999.84),
    Vector3.new(-2265.48, 1820.68, 1000.06),
    Vector3.new(-2271.47, 1825.91, 1002.98),
    Vector3.new(-2276.96, 1830.56, 1005.66),
    Vector3.new(-2282.99, 1835.66, 1008.60),
    Vector3.new(-2288.61, 1840.41, 1011.34),
    Vector3.new(-2294.69, 1845.56, 1014.30),
    Vector3.new(-2300.92, 1850.83, 1017.34),
    Vector3.new(-2306.74, 1855.74, 1020.18),
    Vector3.new(-2312.64, 1860.74, 1023.06),
    Vector3.new(-2318.50, 1865.69, 1025.91),
    Vector3.new(-2324.44, 1870.72, 1028.81),
    Vector3.new(-2330.45, 1876.22, 1031.74),
    Vector3.new(-2336.08, 1882.55, 1034.67),
    Vector3.new(-2342.42, 1886.97, 1037.57),
    Vector3.new(-2348.58, 1892.31, 1040.57),
    Vector3.new(-2358.56, 1900.50, 1045.44),
    Vector3.new(-2362.56, 1904.02, 1047.39),
    Vector3.new(-2370.05, 1910.19, 1051.05),
    Vector3.new(-2372.87, 1912.67, 1052.42),
    Vector3.new(-2375.77, 1915.13, 1053.83),
    Vector3.new(-2380.42, 1921.99, 1054.75),
    Vector3.new(-2389.22, 1927.62, 1055.41),
    Vector3.new(-2394.99, 1932.77, 1056.09),
    Vector3.new(-2403.46, 1939.85, 1057.09),
    Vector3.new(-2407.19, 1943.21, 1057.53),
    Vector3.new(-2413.84, 1948.99, 1058.31),
    Vector3.new(-2419.71, 1954.08, 1059.00),
    Vector3.new(-2427.10, 1960.50, 1059.87),
    Vector3.new(-2432.83, 1965.48, 1060.55),
    Vector3.new(-2438.68, 1970.56, 1061.24),
    Vector3.new(-2444.89, 1975.95, 1061.97),
    Vector3.new(-2451.77, 1982.12, 1062.78),
    Vector3.new(-2460.22, 1989.25, 1063.77),
    Vector3.new(-2463.87, 1992.42, 1064.20),
    Vector3.new(-2469.56, 1997.36, 1064.87),
    Vector3.new(-2474.61, 2001.95, 1065.47),
    Vector3.new(-2481.70, 2007.73, 1065.05),
    Vector3.new(-2487.84, 2012.57, 1064.68),
    Vector3.new(-2494.16, 2017.61, 1064.31),
    Vector3.new(-2500.57, 2022.68, 1063.93),
    Vector3.new(-2507.27, 2028.16, 1063.53),
    Vector3.new(-2513.34, 2032.95, 1063.18),
    Vector3.new(-2519.88, 2038.19, 1062.79),
    Vector3.new(-2526.64, 2043.36, 1062.39),
    Vector3.new(-2535.41, 2050.74, 1061.87),
    Vector3.new(-2539.40, 2053.79, 1061.63),
    Vector3.new(-2545.96, 2059.19, 1061.25),
    Vector3.new(-2552.27, 2063.93, 1060.87),
    Vector3.new(-2559.51, 2069.88, 1060.44),
    Vector3.new(-2566.34, 2075.35, 1060.04),
    Vector3.new(-2571.83, 2079.73, 1059.71),
    Vector3.new(-2578.09, 2084.96, 1059.34),
    Vector3.new(-2583.81, 2091.09, 1059.13),
    Vector3.new(-2590.83, 2098.04, 1058.81),
    Vector3.new(-2597.58, 2102.39, 1058.22),
    Vector3.new(-2601.80, 2105.01, 1057.94),
    Vector3.new(-2606.19, 2107.25, 1058.91),
    Vector3.new(-2613.21, 2110.60, 1060.45),
    Vector3.new(-2620.49, 2114.03, 1062.05),
    Vector3.new(-2627.73, 2117.45, 1063.64),
    Vector3.new(-2635.77, 2121.22, 1065.41),
    Vector3.new(-2642.45, 2124.36, 1066.88),
    Vector3.new(-2650.02, 2127.91, 1068.54),
    Vector3.new(-2657.30, 2131.28, 1070.14),
    Vector3.new(-2665.46, 2135.21, 1071.93),
    Vector3.new(-2672.15, 2138.31, 1073.40),
    Vector3.new(-2679.47, 2141.74, 1075.01),
    Vector3.new(-2686.86, 2145.11, 1076.64),
    Vector3.new(-2694.95, 2149.00, 1078.42),
    Vector3.new(-2702.31, 2152.45, 1080.03),
    Vector3.new(-2709.42, 2155.79, 1081.59),
    Vector3.new(-2716.62, 2159.17, 1083.18),
    Vector3.new(-2724.06, 2162.49, 1084.81),
    Vector3.new(-2733.52, 2167.29, 1086.89),
    Vector3.new(-2739.28, 2169.82, 1088.16),
    Vector3.new(-2742.59, 2172.11, 1088.89),
    Vector3.new(-2745.88, 2176.41, 1087.99),
    Vector3.new(-2754.88, 2182.88, 1086.94),
    Vector3.new(-2760.51, 2187.68, 1086.04),
    Vector3.new(-2766.18, 2192.52, 1085.15),
    Vector3.new(-2772.55, 2197.96, 1084.14),
    Vector3.new(-2778.73, 2203.27, 1083.15),
    Vector3.new(-2784.81, 2208.46, 1082.19),
    Vector3.new(-2791.11, 2213.79, 1081.19),
    Vector3.new(-2798.43, 2221.99, 1079.78),
    Vector3.new(-2803.72, 2224.88, 1079.19),
    Vector3.new(-2809.74, 2229.99, 1078.24),
    Vector3.new(-2816.50, 2236.37, 1077.16),
    Vector3.new(-2822.05, 2242.46, 1076.30),
    Vector3.new(-2828.45, 2248.21, 1075.40),
    Vector3.new(-2834.66, 2251.86, 1074.28),
    Vector3.new(-2840.56, 2256.41, 1072.28),
    Vector3.new(-2847.20, 2261.31, 1070.03),
    Vector3.new(-2855.08, 2267.05, 1067.35),
    Vector3.new(-2860.35, 2270.81, 1065.56),
    Vector3.new(-2866.39, 2275.68, 1063.51),
    Vector3.new(-2873.16, 2280.57, 1061.21),
    Vector3.new(-2879.33, 2285.16, 1059.12),
    Vector3.new(-2885.83, 2289.96, 1056.91),
    Vector3.new(-2892.68, 2294.90, 1054.59),
    Vector3.new(-2898.65, 2299.31, 1052.56),
    Vector3.new(-2905.08, 2304.01, 1050.38),
    Vector3.new(-2911.75, 2308.88, 1048.12),
    Vector3.new(-2920.12, 2315.02, 1045.28),
    Vector3.new(-2925.07, 2318.63, 1043.60),
    Vector3.new(-2931.19, 2323.51, 1041.52),
    Vector3.new(-2936.98, 2329.25, 1039.41),
    Vector3.new(-2944.37, 2333.53, 1037.05),
    Vector3.new(-2945.52, 2334.11, 1036.66),
    Vector3.new(-2949.67, 2341.16, 1034.43),
    Vector3.new(-2953.66, 2347.80, 1032.28),
    Vector3.new(-2958.04, 2355.09, 1029.93),
    Vector3.new(-2962.13, 2361.92, 1027.73),
    Vector3.new(-2965.83, 2368.03, 1025.74),
    Vector3.new(-2970.19, 2375.38, 1023.39),
    Vector3.new(-2973.97, 2381.62, 1021.36),
    Vector3.new(-2978.10, 2388.50, 1019.14),
    Vector3.new(-2980.62, 2396.45, 1016.89),
    Vector3.new(-2985.23, 2404.62, 1014.53),
    Vector3.new(-2990.46, 2409.92, 1012.50),
    Vector3.new(-2991.27, 2411.14, 1012.06),
    Vector3.new(-2994.62, 2414.01, 1004.16),
    Vector3.new(-2997.03, 2417.19, 998.08),
    Vector3.new(-3000.52, 2419.42, 990.25),
    Vector3.new(-3003.50, 2421.88, 983.23),
    Vector3.new(-3006.70, 2424.63, 975.69),
    Vector3.new(-3012.28, 2429.19, 962.55),
    Vector3.new(-3013.22, 2430.11, 960.33),
    Vector3.new(-3015.86, 2432.60, 953.00),
    Vector3.new(-3018.99, 2435.18, 946.72),
    Vector3.new(-3019.62, 2435.65, 945.26),
    Vector3.new(-3027.09, 2440.65, 945.95),
    Vector3.new(-3033.97, 2444.42, 947.08),
    Vector3.new(-3042.56, 2448.70, 948.53),
    Vector3.new(-3049.59, 2452.51, 949.53),
    Vector3.new(-3056.14, 2455.98, 950.46),
    Vector3.new(-3063.02, 2459.86, 951.44),
    Vector3.new(-3070.45, 2463.82, 952.50),
    Vector3.new(-3078.43, 2468.15, 953.64),
    Vector3.new(-3085.51, 2471.99, 954.65),
    Vector3.new(-3091.00, 2474.95, 955.43),
    Vector3.new(-3097.26, 2479.12, 956.08),
    Vector3.new(-3103.78, 2483.39, 956.76),
    Vector3.new(-3109.35, 2488.19, 957.15),
    Vector3.new(-3117.64, 2492.53, 958.20),
    Vector3.new(-3124.53, 2497.05, 958.91),
    Vector3.new(-3130.37, 2503.92, 959.54),
    Vector3.new(-3142.64, 2509.20, 960.80),
    Vector3.new(-3145.50, 2510.93, 961.10),
    Vector3.new(-3152.41, 2515.56, 961.81),
    Vector3.new(-3159.04, 2519.86, 962.50),
    Vector3.new(-3166.27, 2524.61, 963.25),
    Vector3.new(-3172.99, 2528.81, 963.95),
    Vector3.new(-3182.91, 2535.64, 964.98),
    Vector3.new(-3187.28, 2538.39, 965.44),
    Vector3.new(-3193.95, 2542.76, 966.13),
    Vector3.new(-3201.50, 2547.72, 966.92),
    Vector3.new(-3207.89, 2551.90, 967.58),
    Vector3.new(-3211.04, 2554.67, 967.91),
    Vector3.new(-3216.62, 2560.19, 968.53),
    Vector3.new(-3225.04, 2563.55, 968.03),
    Vector3.new(-3234.43, 2569.40, 968.11),
    Vector3.new(-3238.74, 2572.05, 968.15),
    Vector3.new(-3246.21, 2576.70, 968.21),
    Vector3.new(-3252.81, 2580.83, 968.27),
    Vector3.new(-3259.93, 2585.22, 968.33),
    Vector3.new(-3266.85, 2589.51, 968.39),
    Vector3.new(-3273.83, 2593.77, 968.45),
    Vector3.new(-3281.04, 2599.50, 968.46),
    Vector3.new(-3288.29, 2603.97, 968.57),
    Vector3.new(-3295.40, 2608.21, 968.64),
    Vector3.new(-3302.13, 2612.58, 968.69),
    Vector3.new(-3309.30, 2617.02, 968.75),
    Vector3.new(-3316.15, 2621.28, 968.81),
    Vector3.new(-3323.19, 2625.76, 968.87),
    Vector3.new(-3331.21, 2630.61, 968.94),
    Vector3.new(-3337.74, 2634.67, 969.00),
    Vector3.new(-3345.04, 2639.12, 969.06),
    Vector3.new(-3347.61, 2640.84, 969.08),
    Vector3.new(-3353.34, 2647.06, 969.37),
    Vector3.new(-3358.35, 2653.63, 970.34),
    Vector3.new(-3364.03, 2659.66, 970.50),
    Vector3.new(-3371.15, 2664.51, 969.66),
    Vector3.new(-3377.09, 2669.99, 969.60),
    Vector3.new(-3382.66, 2676.67, 970.11),
    Vector3.new(-3388.32, 2683.14, 970.62),
    Vector3.new(-3394.21, 2689.11, 970.97),
    Vector3.new(-3400.91, 2693.70, 969.88),
    Vector3.new(-3406.86, 2699.52, 969.96),
    Vector3.new(-3412.78, 2705.29, 970.05),
    Vector3.new(-3418.69, 2711.05, 970.14),
    Vector3.new(-3424.74, 2716.96, 970.23),
    Vector3.new(-3429.87, 2721.94, 970.31),
    Vector3.new(-3435.56, 2726.08, 973.60),
    Vector3.new(-3444.85, 2727.79, 975.00),
    Vector3.new(-3452.65, 2730.77, 977.43),
    Vector3.new(-3459.69, 2733.45, 979.64),
    Vector3.new(-3467.10, 2736.31, 981.96),
    Vector3.new(-3474.82, 2739.96, 983.72),
    Vector3.new(-3481.99, 2742.37, 986.61),
    Vector3.new(-3489.31, 2745.37, 988.91),
    Vector3.new(-3493.46, 2746.87, 990.21),
    Vector3.new(-3496.32, 2754.86, 990.19),
    Vector3.new(-3499.12, 2762.47, 990.18),
    Vector3.new(-3502.04, 2770.45, 990.17),
    Vector3.new(-3504.64, 2778.13, 990.19),
    Vector3.new(-3507.71, 2785.88, 990.15),
    Vector3.new(-3510.52, 2793.53, 990.14),
    Vector3.new(-3513.39, 2801.34, 990.13),
    Vector3.new(-3516.30, 2809.27, 990.12),
    Vector3.new(-3519.10, 2816.90, 990.10),
    Vector3.new(-3521.42, 2826.11, 989.90),
    Vector3.new(-3523.17, 2828.52, 990.09),
    Vector3.new(-3521.53, 2832.90, 982.68),
    Vector3.new(-3519.98, 2836.87, 975.70),
    Vector3.new(-3518.38, 2840.97, 968.49),
    Vector3.new(-3516.83, 2844.92, 961.52),
    Vector3.new(-3515.28, 2848.85, 954.55),
    Vector3.new(-3513.60, 2854.05, 948.36),
    Vector3.new(-3512.09, 2857.15, 940.20),
    Vector3.new(-3510.55, 2861.10, 933.24),
    Vector3.new(-3508.97, 2865.14, 926.11),
    Vector3.new(-3507.38, 2869.19, 918.98),
    Vector3.new(-3505.79, 2873.25, 911.83),
    Vector3.new(-3504.21, 2876.89, 904.71),
    Vector3.new(-3500.95, 2886.90, 891.24),
    Vector3.new(-3499.63, 2889.45, 884.20),
    Vector3.new(-3498.12, 2893.57, 877.28),
    Vector3.new(-3498.12, 2893.71, 877.28),
    Vector3.new(-3499.63, 2898.41, 883.99),
    Vector3.new(-3501.12, 2902.92, 890.61),
    Vector3.new(-3502.54, 2907.20, 896.91),
    Vector3.new(-3504.01, 2911.47, 903.41),
    Vector3.new(-3507.72, 2922.89, 919.90),
    Vector3.new(-3508.42, 2925.05, 923.01),
    Vector3.new(-3509.15, 2927.13, 926.24),
    Vector3.new(-3509.96, 2933.11, 932.58),
    Vector3.new(-3512.14, 2936.81, 939.50),
    Vector3.new(-3512.91, 2939.19, 943.10),
    Vector3.new(-3511.37, 2939.53, 951.67),
    Vector3.new(-3510.88, 2939.18, 959.93),
    Vector3.new(-3510.88, 2938.02, 970.00),
    Vector3.new(-3511.21, 2936.73, 976.42),
    Vector3.new(-3511.22, 2935.60, 984.39),
    Vector3.new(-3510.74, 2935.24, 993.22),
    Vector3.new(-3510.44, 2934.68, 1001.04),
    Vector3.new(-3510.18, 2933.74, 1009.71),
    Vector3.new(-3509.85, 2932.87, 1017.62),
    Vector3.new(-3509.49, 2931.95, 1026.64),
    Vector3.new(-3509.14, 2931.12, 1035.16),
    Vector3.new(-3508.54, 2930.67, 1043.32),
    Vector3.new(-3508.57, 2929.79, 1048.97),
    Vector3.new(-3509.21, 2929.89, 1057.74),
    Vector3.new(-3509.74, 2930.04, 1065.00),
    Vector3.new(-3510.36, 2930.02, 1073.57),
    Vector3.new(-3511.03, 2929.96, 1082.79),
    Vector3.new(-3511.56, 2929.90, 1090.05),
    Vector3.new(-3512.17, 2929.85, 1098.48),
    Vector3.new(-3512.78, 2929.79, 1106.91),
    Vector3.new(-3513.39, 2929.74, 1115.21),
    Vector3.new(-3514.04, 2929.99, 1124.25),
    Vector3.new(-3514.20, 2929.91, 1126.39),
    Vector3.new(-3514.35, 2937.44, 1126.38),
    Vector3.new(-3514.52, 2945.98, 1126.37),
    Vector3.new(-3514.68, 2954.00, 1126.36),
    Vector3.new(-3514.86, 2962.46, 1126.34),
    Vector3.new(-3515.02, 2970.49, 1126.33),
    Vector3.new(-3515.19, 2978.83, 1126.32),
    Vector3.new(-3515.35, 2986.83, 1126.31),
    Vector3.new(-3515.53, 2995.59, 1126.29),
    Vector3.new(-3515.69, 3003.54, 1126.28),
    Vector3.new(-3515.86, 3011.93, 1126.27),
    Vector3.new(-3516.39, 3020.17, 1126.15),
    Vector3.new(-3516.34, 3028.88, 1126.21),
    Vector3.new(-3516.48, 3036.94, 1126.20),
    Vector3.new(-3516.58, 3045.57, 1126.21),
    Vector3.new(-3516.72, 3053.31, 1126.20),
    Vector3.new(-3517.24, 3061.40, 1126.41),
    Vector3.new(-3516.97, 3066.97, 1126.19),
    Vector3.new(-3516.61, 3067.26, 1116.99),
    Vector3.new(-3516.24, 3068.03, 1109.00),
    Vector3.new(-3515.95, 3068.13, 1100.26),
    Vector3.new(-3515.64, 3068.29, 1092.49),
    Vector3.new(-3515.31, 3068.37, 1084.13),
    Vector3.new(-3515.02, 3068.61, 1076.64),
    Vector3.new(-3514.70, 3068.77, 1068.62),
    Vector3.new(-3514.37, 3068.99, 1060.22),
    Vector3.new(-3512.92, 3070.07, 1050.21),
    Vector3.new(-3512.74, 3070.00, 1043.46),
    Vector3.new(-3513.38, 3069.88, 1035.04),
    Vector3.new(-3513.04, 3070.16, 1026.52),
    Vector3.new(-3512.92, 3069.92, 1023.41),
    Vector3.new(-3513.38, 3071.06, 1014.68),
    Vector3.new(-3513.78, 3071.76, 1007.03),
    Vector3.new(-3514.25, 3072.88, 997.95),
    Vector3.new(-3514.66, 3073.75, 990.23),
    Vector3.new(-3515.09, 3074.64, 981.95),
    Vector3.new(-3515.52, 3075.52, 973.74),
    Vector3.new(-3515.93, 3076.37, 965.81),
    Vector3.new(-3516.37, 3077.26, 957.50),
    Vector3.new(-3516.78, 3078.10, 949.60),
    Vector3.new(-3517.22, 3079.00, 941.21),
    Vector3.new(-3517.61, 3080.31, 932.86),
    Vector3.new(-3517.95, 3081.65, 924.80),
    Vector3.new(-3518.29, 3082.97, 916.44),
    Vector3.new(-3518.94, 3083.56, 908.34),
    Vector3.new(-3519.11, 3083.63, 905.11),
    Vector3.new(-3517.55, 3085.72, 896.29),
    Vector3.new(-3516.08, 3087.54, 887.92),
    Vector3.new(-3514.77, 3089.14, 880.53),
    Vector3.new(-3513.29, 3090.94, 872.14),
    Vector3.new(-3511.97, 3092.47, 864.65),
    Vector3.new(-3510.55, 3094.20, 856.56),
    Vector3.new(-3509.15, 3096.20, 848.61),
    Vector3.new(-3507.80, 3097.89, 841.01),
    Vector3.new(-3506.32, 3099.69, 832.60),
    Vector3.new(-3504.82, 3101.52, 824.09),
    Vector3.new(-3503.41, 3103.43, 816.07),
    Vector3.new(-3502.11, 3105.14, 808.73),
    Vector3.new(-3502.12, 3105.27, 808.73),
    Vector3.new(-3503.93, 3107.83, 801.20),
    Vector3.new(-3505.75, 3110.64, 793.62),
    Vector3.new(-3507.63, 3113.37, 785.83),
    Vector3.new(-3509.37, 3115.86, 778.61),
    Vector3.new(-3511.19, 3118.45, 771.07),
    Vector3.new(-3513.24, 3121.39, 762.55),
    Vector3.new(-3515.08, 3123.98, 754.89),
    Vector3.new(-3517.21, 3127.12, 746.08),
    Vector3.new(-3518.91, 3129.50, 739.01),
    Vector3.new(-3520.85, 3132.27, 730.95),
    Vector3.new(-3522.58, 3134.74, 723.77),
    Vector3.new(-3524.42, 3137.25, 716.13),
    Vector3.new(-3526.60, 3140.49, 707.06),
    Vector3.new(-3528.66, 3143.99, 698.29),
    Vector3.new(-3528.73, 3144.31, 697.75),
    Vector3.new(-3528.60, 3150.32, 697.83),
    Vector3.new(-3529.65, 3159.64, 697.55),
    Vector3.new(-3529.97, 3168.29, 698.14),
    Vector3.new(-3531.17, 3175.95, 697.78),
    Vector3.new(-3530.85, 3183.32, 697.82),
    Vector3.new(-3530.77, 3190.25, 697.97),
    Vector3.new(-3532.40, 3201.75, 697.84),
    Vector3.new(-3531.08, 3208.56, 698.19),
    Vector3.new(-3533.02, 3229.49, 697.93),
    Vector3.new(-3532.98, 3236.10, 697.87),
    Vector3.new(-3533.48, 3244.59, 697.89),
    Vector3.new(-3534.48, 3246.33, 708.17),
    Vector3.new(-3534.64, 3248.59, 717.76),
    Vector3.new(-3535.02, 3249.79, 721.94),
    Vector3.new(-3535.74, 3250.39, 727.72),
    Vector3.new(-3536.78, 3251.84, 736.12),
    Vector3.new(-3537.65, 3252.71, 743.89),
    Vector3.new(-3538.27, 3254.44, 751.40),
    Vector3.new(-3539.43, 3254.88, 759.73),
    Vector3.new(-3540.31, 3256.32, 768.55),
    Vector3.new(-3541.10, 3257.33, 776.51),
    Vector3.new(-3541.89, 3258.30, 784.61),
    Vector3.new(-3542.66, 3259.40, 792.54),
    Vector3.new(-3543.44, 3260.56, 800.64),
    Vector3.new(-3544.28, 3262.17, 809.26),
    Vector3.new(-3545.02, 3264.01, 817.62),
    Vector3.new(-3545.83, 3264.75, 825.28),
    Vector3.new(-3546.14, 3264.86, 828.45),
    Vector3.new(-3548.55, 3265.93, 841.51),
    Vector3.new(-3549.68, 3266.36, 847.64),
    Vector3.new(-3552.41, 3267.46, 862.43),
    Vector3.new(-3553.49, 3267.91, 868.29),
    Vector3.new(-3554.40, 3268.44, 873.22),
    Vector3.new(-3554.23, 3270.33, 878.93),
    Vector3.new(-3557.00, 3269.54, 887.32),
    Vector3.new(-3558.58, 3270.15, 895.91),
    Vector3.new(-3560.23, 3270.87, 904.88),
    Vector3.new(-3560.54, 3272.93, 912.12),
    Vector3.new(-3563.16, 3273.07, 921.23),
    Vector3.new(-3564.00, 3275.02, 928.07),
    Vector3.new(-3566.72, 3274.88, 939.68),
    Vector3.new(-3568.34, 3274.91, 948.83),
    Vector3.new(-3570.29, 3275.46, 959.41),
    Vector3.new(-3570.48, 3275.39, 960.43),
    Vector3.new(-3571.41, 3282.52, 960.29),
    Vector3.new(-3572.63, 3291.56, 960.11),
    Vector3.new(-3573.66, 3299.30, 959.95),
    Vector3.new(-3574.77, 3307.54, 959.78),
    Vector3.new(-3575.94, 3316.29, 959.61),
    Vector3.new(-3576.90, 3323.43, 959.46),
    Vector3.new(-3578.02, 3331.78, 959.30),
    Vector3.new(-3579.10, 3339.80, 959.14),
    Vector3.new(-3580.20, 3347.99, 958.97),
    Vector3.new(-3581.30, 3356.25, 958.80),
    Vector3.new(-3582.42, 3364.41, 958.64),
    Vector3.new(-3583.79, 3374.94, 958.43),
    Vector3.new(-3584.63, 3381.07, 958.30),
    Vector3.new(-3585.70, 3389.00, 958.15),
    Vector3.new(-3586.94, 3398.25, 957.96),
    Vector3.new(-3588.05, 3405.27, 957.79),
    Vector3.new(-3591.42, 3431.42, 957.29),
    Vector3.new(-3592.31, 3438.29, 957.15),
    Vector3.new(-3593.02, 3443.56, 957.05),
    Vector3.new(-3594.13, 3451.82, 956.88),
    Vector3.new(-3595.21, 3460.20, 956.72),
    Vector3.new(-3596.19, 3467.43, 956.58),
    Vector3.new(-3597.42, 3476.38, 956.39),
    Vector3.new(-3598.11, 3486.54, 956.23),
    Vector3.new(-3599.53, 3495.93, 956.03),
    Vector3.new(-3600.00, 3497.26, 956.00),
    Vector3.new(-3601.34, 3498.58, 963.53),
    Vector3.new(-3601.89, 3500.40, 971.14),
    Vector3.new(-3602.47, 3501.93, 979.28),
    Vector3.new(-3603.91, 3503.78, 986.91),
    Vector3.new(-3605.89, 3504.56, 994.48),
    Vector3.new(-3607.04, 3503.81, 997.86),
    Vector3.new(-3607.23, 3504.38, 1006.21),
    Vector3.new(-3607.42, 3504.68, 1014.84),
    Vector3.new(-3607.59, 3504.98, 1022.69),
    Vector3.new(-3607.80, 3505.28, 1032.35),
    Vector3.new(-3607.96, 3505.54, 1039.93),
    Vector3.new(-3608.16, 3505.87, 1049.16),
    Vector3.new(-3608.33, 3506.14, 1057.09),
    Vector3.new(-3608.52, 3506.44, 1065.64),
    Vector3.new(-3608.68, 3506.68, 1072.87),
    Vector3.new(-3608.87, 3506.98, 1081.45),
    Vector3.new(-3609.05, 3507.27, 1089.86),
    Vector3.new(-3609.23, 3508.04, 1098.00),
    Vector3.new(-3610.41, 3518.00, 1097.92),
    Vector3.new(-3611.03, 3523.08, 1097.89),
    Vector3.new(-3612.38, 3534.31, 1097.80),
    Vector3.new(-3613.06, 3539.90, 1097.76),
    Vector3.new(-3614.35, 3550.55, 1097.68),
    Vector3.new(-3614.90, 3555.97, 1097.63),
    Vector3.new(-3615.68, 3566.81, 1097.56),
    Vector3.new(-3616.66, 3572.66, 1097.49),
    Vector3.new(-3618.06, 3581.69, 1097.44),
    Vector3.new(-3618.40, 3584.51, 1097.42),
    Vector3.new(-3616.34, 3584.13, 1105.90),
    Vector3.new(-3614.49, 3583.56, 1113.51),
    Vector3.new(-3612.51, 3582.95, 1121.62),
    Vector3.new(-3611.85, 3582.71, 1124.35),
    Vector3.new(-3613.02, 3590.19, 1124.41),
    Vector3.new(-3614.27, 3598.19, 1124.47),
    Vector3.new(-3615.44, 3605.58, 1124.53),
    Vector3.new(-3616.74, 3614.16, 1124.58),
    Vector3.new(-3616.41, 3621.88, 1124.59),
    Vector3.new(-3619.35, 3630.46, 1124.73),
    Vector3.new(-3620.59, 3638.35, 1124.79),
    Vector3.new(-3621.87, 3646.36, 1124.85),
    Vector3.new(-3623.22, 3655.18, 1124.92),
    Vector3.new(-3624.46, 3662.93, 1124.98),
    Vector3.new(-3623.11, 3671.13, 1126.20),
    Vector3.new(-3626.58, 3677.14, 1125.09),
    Vector3.new(-3628.11, 3680.32, 1132.83),
    Vector3.new(-3629.59, 3683.18, 1140.34),
    Vector3.new(-3631.17, 3686.38, 1148.36),
    Vector3.new(-3633.33, 3691.05, 1159.30),
    Vector3.new(-3634.19, 3692.81, 1163.66),
    Vector3.new(-3635.65, 3695.76, 1171.06),
    Vector3.new(-3637.12, 3699.26, 1178.51),
    Vector3.new(-3638.12, 3701.24, 1183.58),
    Vector3.new(-3640.29, 3703.24, 1191.02),
    Vector3.new(-3642.78, 3704.71, 1199.52),
    Vector3.new(-3644.97, 3706.10, 1207.01),
    Vector3.new(-3647.42, 3707.67, 1215.39),
    Vector3.new(-3649.72, 3709.13, 1223.26),
    Vector3.new(-3651.90, 3710.52, 1230.70),
    Vector3.new(-3654.30, 3712.05, 1238.92),
    Vector3.new(-3656.56, 3713.49, 1246.64),
    Vector3.new(-3657.56, 3721.38, 1241.36),
    Vector3.new(-3658.26, 3726.79, 1237.71),
    Vector3.new(-3659.09, 3733.29, 1233.33),
    Vector3.new(-3660.02, 3740.50, 1228.46),
    Vector3.new(-3660.88, 3747.12, 1223.95),
    Vector3.new(-3661.82, 3754.62, 1218.98),
    Vector3.new(-3662.59, 3760.49, 1214.97),
    Vector3.new(-3663.49, 3767.56, 1210.20),
    Vector3.new(-3664.36, 3774.28, 1205.66),
    Vector3.new(-3665.23, 3781.06, 1201.09),
    Vector3.new(-3665.81, 3787.88, 1196.53),
    Vector3.new(-3666.99, 3794.60, 1191.75),
    Vector3.new(-3668.28, 3804.99, 1185.05),
    Vector3.new(-3668.83, 3809.15, 1182.13),
    Vector3.new(-3669.70, 3818.02, 1177.12),
    Vector3.new(-3670.00, 3819.33, 1176.00),
    Vector3.new(-3668.52, 3828.10, 1174.89),
    Vector3.new(-3667.18, 3835.80, 1173.88),
    Vector3.new(-3665.85, 3843.46, 1172.88),
    Vector3.new(-3664.51, 3851.18, 1171.88),
    Vector3.new(-3663.07, 3859.45, 1170.80),
    Vector3.new(-3661.78, 3866.82, 1169.83),
    Vector3.new(-3660.11, 3876.45, 1168.58),
    Vector3.new(-3658.87, 3883.56, 1167.65),
    Vector3.new(-3657.58, 3891.30, 1166.68),
    Vector3.new(-3657.29, 3892.03, 1157.61),
    Vector3.new(-3657.06, 3892.41, 1150.10),
    Vector3.new(-3657.64, 3893.84, 1141.56),
    Vector3.new(-3658.77, 3894.95, 1133.74),
    Vector3.new(-3659.10, 3895.78, 1125.74),
    Vector3.new(-3659.42, 3896.85, 1117.06),
    Vector3.new(-3660.86, 3898.70, 1108.59),
    Vector3.new(-3660.01, 3898.65, 1099.92),
    Vector3.new(-3660.32, 3899.56, 1092.68),
    Vector3.new(-3660.03, 3900.00, 1085.84),
    Vector3.new(-3659.62, 3900.31, 1076.05),
    Vector3.new(-3659.32, 3900.39, 1069.06),
    Vector3.new(-3658.97, 3900.56, 1060.62),
    Vector3.new(-3658.83, 3900.92, 1057.36),
    Vector3.new(-3659.13, 3909.78, 1056.73),
    Vector3.new(-3658.99, 3918.83, 1056.06),
    Vector3.new(-3659.04, 3926.85, 1055.53),
    Vector3.new(-3659.80, 3936.04, 1054.89),
    Vector3.new(-3660.10, 3943.92, 1054.32),
    Vector3.new(-3660.40, 3951.56, 1053.76),
    Vector3.new(-3660.74, 3960.48, 1053.11),
    Vector3.new(-3661.06, 3968.59, 1052.52),
    Vector3.new(-3661.35, 3976.23, 1051.96),
    Vector3.new(-3661.63, 3984.29, 1051.38),
    Vector3.new(-3661.92, 3992.91, 1050.75),
    Vector3.new(-3662.17, 4000.47, 1050.20),
    Vector3.new(-3662.45, 4008.62, 1049.61),
    Vector3.new(-3662.73, 4016.84, 1049.02),
    Vector3.new(-3663.01, 4025.15, 1048.42),
    Vector3.new(-3663.36, 4035.43, 1047.67),
    Vector3.new(-3663.57, 4041.64, 1047.22),
    Vector3.new(-3663.85, 4050.00, 1046.61),
    Vector3.new(-3664.12, 4058.09, 1046.02),
    Vector3.new(-3664.41, 4066.49, 1045.41),
    Vector3.new(-3664.68, 4074.59, 1044.83),
    Vector3.new(-3664.96, 4082.62, 1044.24),
    Vector3.new(-3664.50, 4091.10, 1043.96),
    Vector3.new(-3665.47, 4099.40, 1043.02),
    Vector3.new(-3664.14, 4109.35, 1042.95),
    Vector3.new(-3666.00, 4114.40, 1042.00),
    Vector3.new(-3667.20, 4114.72, 1049.39),
    Vector3.new(-3668.99, 4114.78, 1058.10),
    Vector3.new(-3669.19, 4115.27, 1065.93),
    Vector3.new(-3671.66, 4115.28, 1074.55),
    Vector3.new(-3672.00, 4115.99, 1081.95),
    Vector3.new(-3674.29, 4115.87, 1090.74),
    Vector3.new(-3676.57, 4115.17, 1098.88),
    Vector3.new(-3677.23, 4115.02, 1102.44),
    Vector3.new(-3677.51, 4115.35, 1110.88),
    Vector3.new(-3677.38, 4115.68, 1118.97),
    Vector3.new(-3678.05, 4116.33, 1127.35),
    Vector3.new(-3678.32, 4116.76, 1135.64),
    Vector3.new(-3678.61, 4117.13, 1144.35),
    Vector3.new(-3678.87, 4117.46, 1152.23),
    Vector3.new(-3679.19, 4117.88, 1161.91),
    Vector3.new(-3679.44, 4118.42, 1169.35),
    Vector3.new(-3679.48, 4118.62, 1170.67),
    Vector3.new(-3684.79, 4124.48, 1173.23),
    Vector3.new(-3690.53, 4130.63, 1176.00),
    Vector3.new(-3695.85, 4136.21, 1178.57),
    Vector3.new(-3700.26, 4142.23, 1180.43),
    Vector3.new(-3705.77, 4148.63, 1183.54),
    Vector3.new(-3711.00, 4154.50, 1186.35),
    Vector3.new(-3716.81, 4159.38, 1188.68),
    Vector3.new(-3722.06, 4165.15, 1191.21),
    Vector3.new(-3726.85, 4171.12, 1193.76),
    Vector3.new(-3732.81, 4176.90, 1196.40),
    Vector3.new(-3737.81, 4181.92, 1198.81),
    Vector3.new(-3735.28, 4185.46, 1205.80),
    Vector3.new(-3732.65, 4188.79, 1213.09),
    Vector3.new(-3730.03, 4192.56, 1220.34),
    Vector3.new(-3727.41, 4196.12, 1227.57),
    Vector3.new(-3725.05, 4199.31, 1234.11),
    Vector3.new(-3722.48, 4202.69, 1241.23),
    Vector3.new(-3719.88, 4206.11, 1248.41),
    Vector3.new(-3716.98, 4211.49, 1256.47),
    Vector3.new(-3714.67, 4214.62, 1262.97),
    Vector3.new(-3712.30, 4217.03, 1269.41),
    Vector3.new(-3712.44, 4225.83, 1269.41),
    Vector3.new(-3712.58, 4233.94, 1269.41),
    Vector3.new(-3712.72, 4241.99, 1269.40),
    Vector3.new(-3712.87, 4250.34, 1269.40),
    Vector3.new(-3713.01, 4258.76, 1269.40),
    Vector3.new(-3713.16, 4267.18, 1269.40),
    Vector3.new(-3713.30, 4275.56, 1269.39),
    Vector3.new(-3713.45, 4283.93, 1269.39),
    Vector3.new(-3713.59, 4292.01, 1269.39),
    Vector3.new(-3713.73, 4300.13, 1269.39),
    Vector3.new(-3713.87, 4308.55, 1269.38),
    Vector3.new(-3714.01, 4316.82, 1269.38),
    Vector3.new(-3714.15, 4324.92, 1269.38),
    Vector3.new(-3714.29, 4333.15, 1269.38),
    Vector3.new(-3714.44, 4341.61, 1269.37),
    Vector3.new(-3714.58, 4349.78, 1269.37),
    Vector3.new(-3714.73, 4358.18, 1269.37),
    Vector3.new(-3714.87, 4366.31, 1269.37),
    Vector3.new(-3715.01, 4374.63, 1269.36),
    Vector3.new(-3715.11, 4380.53, 1269.36),
    Vector3.new(-3722.42, 4383.64, 1269.21),
    Vector3.new(-3729.92, 4387.74, 1269.05),
    Vector3.new(-3737.32, 4392.61, 1268.89),
    Vector3.new(-3740.87, 4394.55, 1268.81),
    Vector3.new(-3739.42, 4393.95, 1253.51),
    Vector3.new(-3738.82, 4394.07, 1247.25),
    Vector3.new(-3738.47, 4394.54, 1243.98),
    Vector3.new(-3737.73, 4394.08, 1235.84),
    Vector3.new(-3736.96, 4393.75, 1227.79),
    Vector3.new(-3736.17, 4393.50, 1219.49),
    Vector3.new(-3735.22, 4393.07, 1209.54),
    Vector3.new(-3734.58, 4392.81, 1202.85),
    Vector3.new(-3733.82, 4392.47, 1194.82),
    Vector3.new(-3733.00, 4392.34, 1186.24),
    Vector3.new(-3732.22, 4392.31, 1178.09),
    Vector3.new(-3731.59, 4392.29, 1171.47),
    Vector3.new(-3731.59, 4392.43, 1171.47),
    Vector3.new(-3731.68, 4401.31, 1171.55),
    Vector3.new(-3733.06, 4409.09, 1173.14),
    Vector3.new(-3733.74, 4418.21, 1173.14),
    Vector3.new(-3734.46, 4426.38, 1173.30),
    Vector3.new(-3735.16, 4434.48, 1173.75),
    Vector3.new(-3735.91, 4443.31, 1174.23),
    Vector3.new(-3736.38, 4453.33, 1174.74),
    Vector3.new(-3736.89, 4460.53, 1175.21),
    Vector3.new(-3738.40, 4471.72, 1175.83),
    Vector3.new(-3738.78, 4472.04, 1188.35),
    Vector3.new(-3739.28, 4471.79, 1204.84),
    Vector3.new(-3739.45, 4471.78, 1210.32),
    Vector3.new(-3739.61, 4471.76, 1215.82),
    Vector3.new(-3739.79, 4471.71, 1221.70),
    Vector3.new(-3740.05, 4471.66, 1230.16),
    Vector3.new(-3740.31, 4471.79, 1238.79),
    Vector3.new(-3740.55, 4472.01, 1246.84),
    Vector3.new(-3740.81, 4472.01, 1255.13),
    Vector3.new(-3741.05, 4472.02, 1263.10),
    Vector3.new(-3741.05, 4472.14, 1263.10),
    Vector3.new(-3742.29, 4478.01, 1263.17),
    Vector3.new(-3744.22, 4487.05, 1263.27),
    Vector3.new(-3745.71, 4493.97, 1263.35),
    Vector3.new(-3747.41, 4501.92, 1263.45),
    Vector3.new(-3748.09, 4510.70, 1263.66),
    Vector3.new(-3750.94, 4518.88, 1263.64),
    Vector3.new(-3752.28, 4527.12, 1263.80),
    Vector3.new(-3754.21, 4534.21, 1263.82),
    Vector3.new(-3749.41, 4533.40, 1235.62),
    Vector3.new(-3758.05, 4559.56, 1235.17),
    Vector3.new(-3759.60, 4564.84, 1235.06),
    Vector3.new(-3760.09, 4566.16, 1235.03),
    Vector3.new(-3760.09, 4566.35, 1235.03),
    Vector3.new(-3766.25, 4570.73, 1236.23),
    Vector3.new(-3772.70, 4576.61, 1237.63),
    Vector3.new(-3781.77, 4582.38, 1239.26),
    Vector3.new(-3785.55, 4584.90, 1239.98),
    Vector3.new(-3787.64, 4595.14, 1234.03),
    Vector3.new(-3788.47, 4599.15, 1231.67),
    Vector3.new(-3789.92, 4606.19, 1227.51),
    Vector3.new(-3791.29, 4612.76, 1223.63),
    Vector3.new(-3792.75, 4619.83, 1219.47),
    Vector3.new(-3794.18, 4626.73, 1215.39),
    Vector3.new(-3795.62, 4633.70, 1211.27),
    Vector3.new(-3797.12, 4640.87, 1206.99),
    Vector3.new(-3798.61, 4648.12, 1202.74),
    Vector3.new(-3800.07, 4655.14, 1198.60),
    Vector3.new(-3801.85, 4663.73, 1193.53),
    Vector3.new(-3801.73, 4670.44, 1191.54),
    Vector3.new(-3804.00, 4678.42, 1186.35),
    Vector3.new(-3805.50, 4682.18, 1183.12),
    Vector3.new(-3805.10, 4689.54, 1185.73),
    Vector3.new(-3804.66, 4697.60, 1188.67),
    Vector3.new(-3804.21, 4705.74, 1191.63),
    Vector3.new(-3803.82, 4712.87, 1194.23),
    Vector3.new(-3803.38, 4720.93, 1197.14),
    Vector3.new(-3802.97, 4728.27, 1199.85),
    Vector3.new(-3802.43, 4738.13, 1203.42),
    Vector3.new(-3802.08, 4744.33, 1205.71),
    Vector3.new(-3801.52, 4754.68, 1209.40),
    Vector3.new(-3801.19, 4760.53, 1211.61),
    Vector3.new(-3800.67, 4770.26, 1215.07),
    Vector3.new(-3800.39, 4775.23, 1216.93),
    Vector3.new(-3799.96, 4782.92, 1219.72),
    Vector3.new(-3799.49, 4791.46, 1222.83),
    Vector3.new(-3799.10, 4798.62, 1225.44),
    Vector3.new(-3798.69, 4806.13, 1228.17),
    Vector3.new(-3798.28, 4814.38, 1230.89),
    Vector3.new(-3797.63, 4814.61, 1222.61),
    Vector3.new(-3796.99, 4814.60, 1214.42),
    Vector3.new(-3796.32, 4814.73, 1205.92),
    Vector3.new(-3795.63, 4815.56, 1197.67),
    Vector3.new(-3795.04, 4816.16, 1189.51),
    Vector3.new(-3794.37, 4816.15, 1180.89),
    Vector3.new(-3793.61, 4816.18, 1172.76),
    Vector3.new(-3793.51, 4816.49, 1171.97),
    Vector3.new(-3794.38, 4825.23, 1174.13),
    Vector3.new(-3795.21, 4833.11, 1176.21),
    Vector3.new(-3796.07, 4841.15, 1178.33),
    Vector3.new(-3796.88, 4848.78, 1180.36),
    Vector3.new(-3797.71, 4856.76, 1182.43),
    Vector3.new(-3797.76, 4864.81, 1184.59),
    Vector3.new(-3798.20, 4873.24, 1186.69),
    Vector3.new(-3799.59, 4880.65, 1188.74),
    Vector3.new(-3799.20, 4889.31, 1190.82),
    Vector3.new(-3801.95, 4896.57, 1192.98),
    Vector3.new(-3802.77, 4904.52, 1195.01),
    Vector3.new(-3803.89, 4915.01, 1197.77),
    Vector3.new(-3804.43, 4920.16, 1199.12),
    Vector3.new(-3803.48, 4927.88, 1200.83),
    Vector3.new(-3806.12, 4936.12, 1203.33),
    Vector3.new(-3806.95, 4943.92, 1205.40),
    Vector3.new(-3807.71, 4952.70, 1207.53),
    Vector3.new(-3808.00, 4954.35, 1208.00),
    Vector3.new(-3811.01, 4960.30, 1202.21),
    Vector3.new(-3813.73, 4965.55, 1196.96),
    Vector3.new(-3816.62, 4971.07, 1191.40),
    Vector3.new(-3818.16, 4976.80, 1185.77),
    Vector3.new(-3822.41, 4982.06, 1180.24),
    Vector3.new(-3825.02, 4988.57, 1174.65),
    Vector3.new(-3826.70, 4990.48, 1171.98),
    Vector3.new(-3832.71, 4991.75, 1166.48),
    Vector3.new(-3839.48, 4992.66, 1160.29),
    Vector3.new(-3845.18, 4993.49, 1155.07),
    Vector3.new(-3852.00, 4994.49, 1148.83),
    Vector3.new(-3857.98, 4995.36, 1143.36),
    Vector3.new(-3863.96, 4996.23, 1137.89),
    Vector3.new(-3869.99, 4997.12, 1132.37),
    Vector3.new(-3876.12, 4998.01, 1126.76),
    Vector3.new(-3882.56, 4998.95, 1120.87),
    Vector3.new(-3888.84, 4999.87, 1115.12),
    Vector3.new(-3894.58, 5000.70, 1109.87),
    Vector3.new(-3900.61, 5001.58, 1104.35),
    Vector3.new(-3906.63, 5002.81, 1098.84),
    Vector3.new(-3912.37, 5004.47, 1093.55),
    Vector3.new(-3919.34, 5005.19, 1087.21),
    Vector3.new(-3920.82, 5005.24, 1085.85),
    Vector3.new(-3923.35, 5005.35, 1078.37),
    Vector3.new(-3925.79, 5005.36, 1071.14),
    Vector3.new(-3928.52, 5005.35, 1063.05),
    Vector3.new(-3932.44, 5005.25, 1051.46),
    Vector3.new(-3933.87, 5005.25, 1047.21),
    Vector3.new(-3936.46, 5005.28, 1039.54),
    Vector3.new(-3939.62, 5005.20, 1030.19),
    Vector3.new(-3941.96, 5005.19, 1023.27),
    Vector3.new(-3945.96, 5005.12, 1011.44),
    Vector3.new(-3947.56, 5005.17, 1006.69),
    Vector3.new(-3951.86, 5005.09, 993.96),
    Vector3.new(-3953.14, 5005.22, 990.17),
    Vector3.new(-3954.48, 5005.13, 986.20),
    Vector3.new(-3954.44, 5005.24, 980.62),
    Vector3.new(-3954.36, 5005.24, 972.00),
    Vector3.new(-3954.27, 5005.16, 960.79),
    Vector3.new(-3954.23, 5005.17, 955.44),
    Vector3.new(-3954.14, 5005.01, 944.98),
    Vector3.new(-3954.09, 5004.85, 939.00),
    Vector3.new(-3954.00, 5005.13, 927.91),
    Vector3.new(-3953.92, 5005.13, 918.71),
    Vector3.new(-3953.88, 5005.12, 913.97),
    Vector3.new(-3953.82, 5005.13, 905.86),
    Vector3.new(-3955.00, 5005.15, 902.65),
    Vector3.new(-3955.00, 5005.26, 902.65),
    Vector3.new(-3953.10, 5005.21, 903.42),
    Vector3.new(-3946.91, 5005.23, 897.44),
    Vector3.new(-3940.91, 5005.24, 891.64),
    Vector3.new(-3939.99, 5005.25, 890.75),
    Vector3.new(-3937.98, 5005.21, 887.87),
    Vector3.new(-3937.98, 5005.32, 887.87),
    Vector3.new(-3938.67, 5005.21, 891.63),
    Vector3.new(-3938.67, 5005.32, 891.63),
    Vector3.new(-3945.70, 5005.27, 896.65),
    Vector3.new(-3952.27, 5005.20, 901.34),
    Vector3.new(-3958.63, 5005.16, 905.88),
    Vector3.new(-3965.75, 5004.91, 910.97),
    Vector3.new(-3972.17, 5004.76, 915.56),
    Vector3.new(-3978.72, 5004.63, 920.24),
    Vector3.new(-3985.48, 5004.49, 925.07),
    Vector3.new(-3993.13, 5004.77, 930.54),
    Vector3.new(-3996.36, 5004.88, 932.85),
    Vector3.new(-4003.33, 5003.94, 939.21),
    Vector3.new(-4008.66, 5003.08, 944.08),
    Vector3.new(-4015.46, 5002.00, 950.31),
    Vector3.new(-4020.96, 5001.13, 955.33),
    Vector3.new(-4027.04, 5000.13, 960.90),
    Vector3.new(-4033.68, 4999.10, 966.96),
    Vector3.new(-4039.61, 4998.15, 972.38),
    Vector3.new(-4045.76, 4997.24, 978.00),
    Vector3.new(-4049.29, 4997.02, 981.23),
    Vector3.new(-4057.78, 4998.03, 981.64),
    Vector3.new(-4066.11, 4999.00, 982.04),
    Vector3.new(-4074.66, 5000.50, 982.28),
    Vector3.new(-4082.90, 5001.54, 982.75),
    Vector3.new(-4090.90, 5002.09, 983.19),
    Vector3.new(-4094.17, 5001.89, 983.40),
    Vector3.new(-4101.91, 5002.16, 986.43),
    Vector3.new(-4109.69, 5002.00, 989.47),
    Vector3.new(-4117.21, 5001.85, 992.42),
    Vector3.new(-4124.70, 5001.63, 995.35),
    Vector3.new(-4132.87, 5001.60, 998.55),
    Vector3.new(-4140.31, 5001.47, 1001.46),
    Vector3.new(-4147.71, 5001.65, 1004.35),
    Vector3.new(-4155.51, 5001.28, 1007.41),
    Vector3.new(-4159.86, 5001.23, 1009.11),
    Vector3.new(-4167.95, 5001.18, 1007.42),
    Vector3.new(-4177.28, 5000.87, 1005.46),
    Vector3.new(-4184.82, 5000.51, 1003.89),
    Vector3.new(-4192.32, 5000.25, 1002.32),
    Vector3.new(-4200.61, 4999.87, 1000.58),
    Vector3.new(-4208.62, 4999.53, 998.91),
    Vector3.new(-4211.25, 4999.27, 998.36),
    Vector3.new(-4218.07, 4994.81, 997.16),
    Vector3.new(-4224.99, 4990.23, 995.94),
    Vector3.new(-4231.87, 4985.61, 994.74),
    Vector3.new(-4239.02, 4980.82, 993.48),
    Vector3.new(-4245.55, 4976.44, 992.33),
    Vector3.new(-4252.40, 4971.84, 991.13),
    Vector3.new(-4259.44, 4967.12, 989.89),
    Vector3.new(-4266.32, 4962.51, 988.69),
    Vector3.new(-4267.69, 4961.96, 988.45),
    Vector3.new(-4271.10, 4969.13, 991.36),
    Vector3.new(-4273.12, 4975.94, 994.42),
    Vector3.new(-4277.94, 4983.09, 997.22),
    Vector3.new(-4281.33, 4990.02, 1000.12),
    Vector3.new(-4284.70, 4996.93, 1003.00),
    Vector3.new(-4287.32, 5005.94, 1005.78),
    Vector3.new(-4290.28, 5008.61, 1007.78),
    Vector3.new(-4289.32, 5014.86, 1002.42),
    Vector3.new(-4288.38, 5020.80, 997.16),
    Vector3.new(-4287.39, 5027.05, 991.64),
    Vector3.new(-4285.33, 5033.30, 987.05),
    Vector3.new(-4285.48, 5039.18, 980.93),
    Vector3.new(-4286.17, 5048.20, 980.49),
    Vector3.new(-4287.44, 5055.93, 979.57),
    Vector3.new(-4288.37, 5063.79, 978.92),
    Vector3.new(-4289.36, 5072.32, 978.23),
    Vector3.new(-4289.63, 5079.94, 977.59),
    Vector3.new(-4291.25, 5088.31, 976.92),
    Vector3.new(-4291.87, 5097.62, 976.28),
    Vector3.new(-4292.42, 5098.92, 976.11),
    Vector3.new(-4293.50, 5107.04, 976.49),
    Vector3.new(-4295.81, 5114.97, 976.72),
    Vector3.new(-4297.59, 5123.19, 977.04),
    Vector3.new(-4298.77, 5132.81, 977.43),
    Vector3.new(-4301.01, 5140.07, 977.66),
    Vector3.new(-4301.95, 5144.47, 977.83),
    Vector3.new(-4302.01, 5153.38, 977.08),
    Vector3.new(-4302.06, 5161.75, 976.28),
    Vector3.new(-4302.11, 5169.44, 975.58),
    Vector3.new(-4302.17, 5177.54, 974.83),
    Vector3.new(-4302.22, 5185.88, 974.07),
    Vector3.new(-4302.28, 5194.40, 973.26),
    Vector3.new(-4302.33, 5202.11, 972.55),
    Vector3.new(-4302.38, 5210.15, 971.81),
    Vector3.new(-4301.78, 5218.82, 971.19),
    Vector3.new(-4302.38, 5219.96, 970.92),
    Vector3.new(-4303.39, 5227.98, 972.64),
    Vector3.new(-4304.45, 5236.02, 974.39),
    Vector3.new(-4305.48, 5243.97, 976.12),
    Vector3.new(-4304.76, 5251.90, 977.94),
    Vector3.new(-4307.53, 5260.06, 979.66),
    Vector3.new(-4308.58, 5268.00, 981.36),
    Vector3.new(-4307.61, 5277.10, 983.08),
    Vector3.new(-4310.42, 5282.80, 984.48),
    Vector3.new(-4309.46, 5287.62, 978.14),
    Vector3.new(-4310.88, 5293.46, 972.04),
    Vector3.new(-4311.11, 5298.88, 965.68),
    Vector3.new(-4311.35, 5304.39, 959.39),
    Vector3.new(-4311.57, 5309.59, 953.28),
    Vector3.new(-4311.02, 5317.36, 946.85),
    Vector3.new(-4311.98, 5319.72, 942.27),
    Vector3.new(-4316.15, 5324.62, 947.48),
    Vector3.new(-4320.38, 5329.49, 952.77),
    Vector3.new(-4324.62, 5334.37, 958.08),
    Vector3.new(-4331.34, 5342.03, 966.48),
    Vector3.new(-4333.56, 5344.54, 969.26),
    Vector3.new(-4337.78, 5349.35, 974.53),
    Vector3.new(-4341.95, 5354.11, 979.75),
    Vector3.new(-4345.85, 5358.54, 984.62),
    Vector3.new(-4350.13, 5363.42, 989.97),
    Vector3.new(-4354.30, 5368.17, 995.18),
    Vector3.new(-4358.42, 5372.87, 1000.34),
    Vector3.new(-4362.93, 5378.01, 1005.97),
    Vector3.new(-4366.88, 5382.52, 1010.92),
    Vector3.new(-4371.37, 5387.63, 1016.53),
    Vector3.new(-4375.84, 5392.57, 1022.11),
    Vector3.new(-4380.74, 5398.92, 1028.24),
    Vector3.new(-4380.74, 5399.08, 1028.24),
    Vector3.new(-4382.71, 5406.75, 1025.39),
    Vector3.new(-4384.76, 5414.51, 1022.44),
    Vector3.new(-4386.76, 5422.13, 1019.54),
    Vector3.new(-4388.67, 5429.36, 1016.79),
    Vector3.new(-4389.29, 5436.64, 1013.86),
    Vector3.new(-4392.61, 5444.31, 1011.10),
    Vector3.new(-4394.74, 5452.38, 1008.03),
    Vector3.new(-4396.56, 5459.29, 1005.40),
    Vector3.new(-4398.50, 5466.64, 1002.60),
    Vector3.new(-4401.78, 5468.53, 1010.49),
    Vector3.new(-4404.78, 5470.23, 1017.69),
    Vector3.new(-4408.02, 5471.93, 1025.46),
    Vector3.new(-4411.53, 5473.78, 1033.89),
    Vector3.new(-4414.32, 5475.24, 1040.59),
    Vector3.new(-4417.27, 5476.71, 1047.66),
    Vector3.new(-4420.49, 5478.65, 1055.41),
    Vector3.new(-4422.11, 5479.63, 1059.28),
    Vector3.new(-4421.31, 5479.17, 1061.50),
    Vector3.new(-4421.31, 5479.30, 1061.50),
    Vector3.new(-4421.96, 5479.55, 1059.59),
    Vector3.new(-4421.96, 5479.68, 1059.59),
    Vector3.new(-4420.74, 5482.77, 1052.26),
    Vector3.new(-4419.47, 5485.89, 1044.57),
    Vector3.new(-4418.26, 5488.88, 1037.22),
    Vector3.new(-4417.06, 5491.81, 1029.98),
    Vector3.new(-4415.85, 5494.74, 1022.62),
    Vector3.new(-4414.52, 5498.03, 1014.59),
    Vector3.new(-4412.16, 5500.83, 1007.53),
    Vector3.new(-4411.58, 5505.13, 999.76),
    Vector3.new(-4410.73, 5507.89, 991.63),
    Vector3.new(-4409.47, 5510.97, 984.03),
    Vector3.new(-4408.20, 5513.90, 976.35),
    Vector3.new(-4406.94, 5517.21, 968.69),
    Vector3.new(-4406.08, 5519.45, 963.49),
    Vector3.new(-4407.17, 5524.47, 969.96),
    Vector3.new(-4406.60, 5528.60, 976.63),
    Vector3.new(-4409.40, 5534.33, 983.16),
    Vector3.new(-4410.47, 5539.05, 989.47),
    Vector3.new(-4410.00, 5546.09, 997.26),
    Vector3.new(-4412.48, 5549.88, 1002.72),
    Vector3.new(-4413.27, 5551.91, 1006.00),
    Vector3.new(-4413.73, 5560.72, 1006.04),
    Vector3.new(-4414.12, 5568.15, 1006.07),
    Vector3.new(-4413.25, 5577.13, 1006.26),
    Vector3.new(-4414.45, 5585.05, 1006.38),
    Vector3.new(-4414.02, 5593.49, 1006.79),
    Vector3.new(-4415.91, 5601.91, 1006.22),
    Vector3.new(-4416.23, 5607.89, 1006.25),
    Vector3.new(-4416.05, 5614.61, 1011.58),
    Vector3.new(-4415.87, 5621.33, 1017.05),
    Vector3.new(-4415.67, 5628.62, 1023.01),
    Vector3.new(-4415.52, 5633.94, 1027.35),
    Vector3.new(-4413.76, 5638.91, 1031.82),
    Vector3.new(-4415.16, 5647.13, 1038.11),
    Vector3.new(-4414.92, 5652.24, 1042.06),
    Vector3.new(-4415.79, 5660.26, 1044.23),
    Vector3.new(-4416.68, 5668.36, 1046.46),
    Vector3.new(-4417.57, 5676.45, 1048.69),
    Vector3.new(-4418.40, 5684.07, 1050.79),
    Vector3.new(-4419.28, 5692.02, 1052.98),
    Vector3.new(-4420.14, 5699.90, 1055.16),
    Vector3.new(-4421.02, 5707.90, 1057.37),
    Vector3.new(-4421.83, 5715.26, 1059.40),
    Vector3.new(-4422.57, 5721.97, 1061.25),
    Vector3.new(-4422.73, 5727.91, 1067.05),
    Vector3.new(-4422.89, 5734.40, 1073.04),
    Vector3.new(-4423.05, 5740.33, 1078.52),
    Vector3.new(-4422.43, 5746.54, 1084.25),
    Vector3.new(-4421.77, 5761.46, 1087.51),
    Vector3.new(-4421.52, 5764.52, 1088.28),
    Vector3.new(-4421.21, 5778.39, 1091.14),
    Vector3.new(-4421.21, 5778.50, 1091.14),
    Vector3.new(-4421.21, 5778.67, 1091.14),
    Vector3.new(-4429.83, 5779.44, 1092.36),
    Vector3.new(-4438.61, 5780.33, 1093.59),
    Vector3.new(-4447.06, 5781.39, 1094.78),
    Vector3.new(-4455.36, 5781.92, 1095.95),
    Vector3.new(-4463.79, 5782.55, 1097.14),
    Vector3.new(-4471.91, 5783.10, 1098.28),
    Vector3.new(-4476.50, 5783.51, 1098.93),
    Vector3.new(-4476.02, 5783.64, 1096.89),
    Vector3.new(-4476.07, 5783.71, 1095.03),
    Vector3.new(-4477.61, 5788.19, 1097.32),
    Vector3.new(-4480.03, 5794.93, 1100.93),
    Vector3.new(-4482.53, 5801.87, 1104.64),
    Vector3.new(-4484.93, 5808.58, 1108.22),
    Vector3.new(-4487.45, 5815.58, 1111.98),
    Vector3.new(-4489.99, 5822.58, 1115.75),
    Vector3.new(-4492.54, 5829.79, 1119.55),
    Vector3.new(-4494.99, 5836.54, 1123.19),
    Vector3.new(-4497.42, 5843.28, 1126.81),
    Vector3.new(-4499.84, 5850.03, 1130.42),
    Vector3.new(-4502.22, 5857.18, 1133.95),
    Vector3.new(-4503.02, 5865.65, 1132.74),
    Vector3.new(-4503.89, 5874.41, 1131.43),
    Vector3.new(-4504.63, 5881.94, 1130.32),
    Vector3.new(-4505.46, 5890.33, 1129.07),
    Vector3.new(-4506.25, 5898.38, 1127.88),
    Vector3.new(-4507.10, 5906.99, 1126.60),
    Vector3.new(-4507.91, 5915.25, 1125.38),
    Vector3.new(-4508.70, 5923.12, 1124.20),
    Vector3.new(-4509.53, 5931.67, 1122.94),
    Vector3.new(-4509.58, 5939.11, 1121.88),
    Vector3.new(-4510.89, 5947.73, 1120.71),
    Vector3.new(-4511.13, 5948.42, 1120.53),
    Vector3.new(-4512.46, 5956.40, 1119.42),
    Vector3.new(-4513.87, 5964.68, 1118.25),
    Vector3.new(-4515.36, 5973.50, 1117.00),
    Vector3.new(-4516.70, 5981.39, 1115.89),
    Vector3.new(-4518.10, 5989.67, 1114.72),
    Vector3.new(-4518.34, 5997.97, 1112.93),
    Vector3.new(-4520.94, 6006.71, 1112.35),
    Vector3.new(-4520.95, 6006.87, 1112.35),
    Vector3.new(-4520.91, 6013.24, 1118.88),
    Vector3.new(-4520.87, 6019.02, 1124.98),
    Vector3.new(-4520.84, 6024.73, 1131.02),
    Vector3.new(-4520.80, 6030.63, 1137.25),
    Vector3.new(-4520.77, 6035.52, 1142.45),
    Vector3.new(-4520.73, 6042.79, 1150.06),
    Vector3.new(-4520.70, 6047.44, 1155.01),
    Vector3.new(-4520.66, 6053.25, 1161.15),
    Vector3.new(-4520.63, 6059.45, 1167.09),
    Vector3.new(-4520.61, 6062.67, 1170.58),
    Vector3.new(-4521.88, 6068.24, 1167.07),
    Vector3.new(-4523.59, 6075.47, 1162.36),
    Vector3.new(-4523.53, 6082.20, 1158.70),
    Vector3.new(-4526.42, 6087.65, 1154.54),
    Vector3.new(-4528.03, 6095.31, 1157.90),
    Vector3.new(-4529.56, 6102.35, 1161.10),
    Vector3.new(-4531.25, 6110.16, 1164.64),
    Vector3.new(-4532.80, 6117.30, 1167.88),
    Vector3.new(-4534.15, 6125.34, 1171.40),
    Vector3.new(-4534.54, 6132.94, 1174.54),
    Vector3.new(-4537.64, 6140.33, 1178.08),
    Vector3.new(-4537.93, 6141.40, 1178.60),
    Vector3.new(-4540.60, 6150.27, 1178.53),
    Vector3.new(-4541.25, 6157.78, 1179.20),
    Vector3.new(-4545.20, 6165.40, 1178.40),
    Vector3.new(-4547.77, 6173.85, 1178.32),
    Vector3.new(-4549.80, 6180.69, 1178.27),
    Vector3.new(-4555.04, 6186.62, 1172.77),
    Vector3.new(-4558.84, 6190.85, 1168.78),
    Vector3.new(-4563.64, 6196.13, 1163.74),
    Vector3.new(-4567.69, 6200.60, 1159.50),
    Vector3.new(-4572.18, 6205.55, 1154.79),
    Vector3.new(-4576.80, 6210.65, 1149.93),
    Vector3.new(-4581.32, 6215.64, 1145.19),
    Vector3.new(-4585.75, 6220.52, 1140.55),
    Vector3.new(-4590.50, 6225.76, 1135.55),
    Vector3.new(-4595.27, 6231.04, 1130.50),
    Vector3.new(-4597.74, 6234.19, 1127.96),
    Vector3.new(-4598.54, 6242.12, 1127.84),
    Vector3.new(-4599.42, 6250.67, 1127.70),
    Vector3.new(-4600.21, 6258.27, 1127.58),
    Vector3.new(-4601.07, 6266.67, 1127.45),
    Vector3.new(-4601.95, 6275.19, 1127.32),
    Vector3.new(-4601.37, 6282.73, 1126.61),
    Vector3.new(-4603.70, 6292.03, 1127.05),
    Vector3.new(-4604.45, 6299.67, 1126.94),
    Vector3.new(-4604.36, 6307.72, 1126.14),
    Vector3.new(-4604.26, 6316.17, 1125.27),
    Vector3.new(-4604.17, 6323.98, 1124.48),
    Vector3.new(-4604.06, 6334.01, 1123.46),
    Vector3.new(-4603.99, 6340.50, 1122.79),
    Vector3.new(-4603.89, 6348.63, 1121.96),
    Vector3.new(-4603.79, 6357.75, 1121.04),
    Vector3.new(-4602.45, 6364.46, 1120.58),
    Vector3.new(-4603.61, 6373.39, 1119.44),
    Vector3.new(-4603.50, 6380.67, 1118.74),
    Vector3.new(-4605.03, 6388.58, 1119.43),
    Vector3.new(-4606.68, 6396.89, 1120.17),
    Vector3.new(-4608.24, 6404.79, 1120.87),
    Vector3.new(-4609.86, 6412.97, 1121.60),
    Vector3.new(-4611.45, 6421.04, 1122.32),
    Vector3.new(-4611.50, 6429.73, 1122.79),
    Vector3.new(-4614.78, 6438.33, 1123.82),
    Vector3.new(-4614.85, 6438.68, 1123.85),
    Vector3.new(-4615.54, 6445.50, 1116.98),
    Vector3.new(-4616.14, 6451.24, 1110.96),
    Vector3.new(-4616.61, 6455.74, 1106.29),
    Vector3.new(-4617.50, 6464.33, 1097.40),
    Vector3.new(-4617.82, 6467.34, 1094.24),
    Vector3.new(-4618.43, 6473.19, 1088.16),
    Vector3.new(-4619.01, 6478.78, 1082.35),
    Vector3.new(-4619.59, 6484.32, 1076.60),
    Vector3.new(-4620.20, 6490.18, 1070.50),
    Vector3.new(-4620.77, 6495.64, 1064.83),
    Vector3.new(-4621.38, 6501.51, 1058.73),
    Vector3.new(-4621.78, 6508.48, 1052.55),
    Vector3.new(-4621.69, 6514.68, 1047.21),
    Vector3.new(-4623.17, 6519.66, 1040.89),
    Vector3.new(-4623.24, 6520.07, 1040.26),
    Vector3.new(-4622.60, 6527.86, 1046.72),
    Vector3.new(-4622.15, 6533.25, 1051.30),
    Vector3.new(-4621.60, 6539.79, 1056.86),
    Vector3.new(-4621.10, 6545.88, 1062.04),
    Vector3.new(-4620.54, 6552.54, 1067.70),
    Vector3.new(-4618.63, 6558.21, 1071.52),
    Vector3.new(-4619.11, 6568.37, 1080.79),
    Vector3.new(-4619.11, 6568.94, 1081.04),
    Vector3.new(-4620.98, 6576.30, 1076.02),
    Vector3.new(-4623.07, 6582.42, 1071.35),
    Vector3.new(-4623.98, 6589.03, 1066.13),
    Vector3.new(-4627.32, 6595.96, 1061.58),
    Vector3.new(-4629.17, 6601.79, 1057.20),
    Vector3.new(-4630.68, 6608.94, 1052.48),
    Vector3.new(-4632.78, 6615.83, 1047.85),
    Vector3.new(-4634.02, 6617.10, 1045.73),
    Vector3.new(-4633.84, 6618.02, 1037.85),
    Vector3.new(-4633.46, 6618.55, 1028.23),
    Vector3.new(-4633.48, 6617.22, 1018.33),
    Vector3.new(-4633.36, 6617.21, 1012.10),
    Vector3.new(-4633.19, 6617.02, 1003.73),
    Vector3.new(-4633.05, 6616.85, 996.13),
    Vector3.new(-4632.87, 6616.70, 987.22),
    Vector3.new(-4632.70, 6616.56, 978.61),
    Vector3.new(-4632.54, 6616.63, 970.08),
    Vector3.new(-4632.38, 6616.85, 962.10),
    Vector3.new(-4632.22, 6616.76, 953.89),
    Vector3.new(-4632.07, 6616.58, 946.17),
    Vector3.new(-4631.89, 6616.39, 936.98),
    Vector3.new(-4631.74, 6616.33, 929.22),
    Vector3.new(-4629.32, 6615.94, 920.09),
    Vector3.new(-4632.01, 6615.77, 911.64),
    Vector3.new(-4631.98, 6615.83, 906.41),
    Vector3.new(-4631.94, 6615.99, 904.74),
    Vector3.new(-4629.10, 6615.63, 904.25),
    Vector3.new(-4634.70, 6616.09, 911.07),
    Vector3.new(-4640.05, 6616.50, 917.59),
    Vector3.new(-4644.58, 6617.22, 923.12),
    Vector3.new(-4650.77, 6618.10, 930.66),
    Vector3.new(-4655.67, 6618.14, 936.63),
    Vector3.new(-4656.34, 6626.62, 937.69),
    Vector3.new(-4657.00, 6634.78, 938.74),
    Vector3.new(-4657.62, 6642.58, 939.74),
    Vector3.new(-4658.32, 6651.21, 940.84),
    Vector3.new(-4658.88, 6658.21, 941.73),
    Vector3.new(-4659.57, 6666.73, 942.83),
    Vector3.new(-4660.25, 6675.27, 943.91),
    Vector3.new(-4660.09, 6682.18, 944.64),
    Vector3.new(-4659.99, 6691.34, 945.50),
    Vector3.new(-4662.13, 6699.18, 946.90),
    Vector3.new(-4664.30, 6707.43, 945.61),
    Vector3.new(-4665.06, 6715.72, 944.25),
    Vector3.new(-4667.49, 6724.83, 942.57),
    Vector3.new(-4670.19, 6732.21, 941.49),
    Vector3.new(-4671.32, 6740.70, 941.06),
    Vector3.new(-4674.83, 6748.76, 939.15),
    Vector3.new(-4675.87, 6750.50, 938.67),
    Vector3.new(-4677.62, 6757.49, 941.06),
    Vector3.new(-4679.51, 6764.91, 943.63),
    Vector3.new(-4680.33, 6771.17, 946.02),
    Vector3.new(-4683.41, 6780.04, 948.94),
    Vector3.new(-4685.40, 6787.77, 951.64),
    Vector3.new(-4687.43, 6795.54, 954.41),
    Vector3.new(-4691.18, 6810.60, 959.51),
    Vector3.new(-4691.18, 6810.71, 959.51),
    Vector3.new(-4691.10, 6816.74, 956.30),
    Vector3.new(-4690.99, 6823.97, 952.36),
    Vector3.new(-4690.88, 6831.37, 948.33),
    Vector3.new(-4690.78, 6838.18, 944.61),
    Vector3.new(-4690.68, 6845.40, 940.68),
    Vector3.new(-4690.56, 6853.29, 936.38),
    Vector3.new(-4690.45, 6860.95, 932.21),
    Vector3.new(-4690.35, 6868.00, 928.37),
    Vector3.new(-4690.24, 6875.38, 924.35),
    Vector3.new(-4690.13, 6882.61, 920.40),
    Vector3.new(-4690.17, 6890.75, 916.97),
    Vector3.new(-4689.68, 6896.07, 913.69),
    Vector3.new(-4687.53, 6907.71, 909.27),
    Vector3.new(-4686.65, 6912.49, 907.45),
    Vector3.new(-4685.25, 6919.98, 904.57),
    Vector3.new(-4684.03, 6926.47, 902.06),
    Vector3.new(-4682.65, 6933.83, 899.22),
    Vector3.new(-4681.22, 6941.49, 896.27),
    Vector3.new(-4680.92, 6949.94, 892.98),
    Vector3.new(-4678.91, 6954.01, 891.49),
    Vector3.new(-4678.91, 6953.90, 891.49),
    Vector3.new(-4679.92, 6958.65, 898.11),
    Vector3.new(-4680.96, 6963.60, 904.85),
    Vector3.new(-4681.98, 6968.48, 911.48),
    Vector3.new(-4683.17, 6974.15, 919.19),
    Vector3.new(-4684.05, 6978.37, 924.94),
    Vector3.new(-4684.72, 6983.83, 932.47),
    Vector3.new(-4684.98, 6988.16, 939.03),
    Vector3.new(-4686.47, 6993.27, 945.33),
    Vector3.new(-4688.21, 6998.11, 951.86),
    Vector3.new(-4688.63, 7004.11, 958.66),
    Vector3.new(-4689.40, 7004.96, 959.74),
    Vector3.new(-4692.17, 7012.83, 960.85),
    Vector3.new(-4694.93, 7020.59, 961.95),
    Vector3.new(-4697.72, 7028.38, 963.07),
    Vector3.new(-4700.33, 7035.70, 964.11),
    Vector3.new(-4702.85, 7043.55, 965.23),
    Vector3.new(-4704.07, 7052.10, 966.15),
    Vector3.new(-4708.14, 7060.11, 967.40),
    Vector3.new(-4709.64, 7062.19, 967.83),
    Vector3.new(-4709.88, 7069.61, 963.95),
    Vector3.new(-4710.13, 7077.01, 959.99),
    Vector3.new(-4710.38, 7084.21, 956.13),
    Vector3.new(-4710.63, 7091.53, 952.21),
    Vector3.new(-4710.88, 7098.72, 948.36),
    Vector3.new(-4710.77, 7105.65, 944.51),
    Vector3.new(-4711.38, 7113.46, 940.46),
    Vector3.new(-4711.63, 7120.85, 936.50),
    Vector3.new(-4711.87, 7127.87, 932.74),
    Vector3.new(-4712.12, 7135.15, 928.83),
    Vector3.new(-4712.37, 7143.03, 924.97),
    Vector3.new(-4712.39, 7143.76, 924.58),
    Vector3.new(-4712.80, 7148.58, 931.55),
    Vector3.new(-4712.77, 7153.12, 938.34),
    Vector3.new(-4712.56, 7157.61, 945.34),
    Vector3.new(-4713.37, 7162.28, 952.22),
    Vector3.new(-4714.29, 7167.00, 959.00),
    Vector3.new(-4714.80, 7171.56, 965.75),
    Vector3.new(-4714.64, 7177.68, 972.97),
    Vector3.new(-4715.38, 7178.94, 975.99),
    Vector3.new(-4715.20, 7186.74, 973.71),
    Vector3.new(-4713.34, 7194.68, 971.51),
    Vector3.new(-4713.81, 7203.05, 968.97),
    Vector3.new(-4714.64, 7210.42, 966.63),
    Vector3.new(-4714.45, 7218.42, 964.21),
    Vector3.new(-4714.27, 7226.23, 961.86),
    Vector3.new(-4714.07, 7234.63, 959.35),
    Vector3.new(-4720.99, 7239.99, 958.86),
    Vector3.new(-4727.16, 7244.66, 958.43),
    Vector3.new(-4733.75, 7249.60, 957.96),
    Vector3.new(-4740.48, 7254.62, 957.49),
    Vector3.new(-4747.35, 7259.77, 957.01),
    Vector3.new(-4753.99, 7264.75, 956.54),
    Vector3.new(-4760.73, 7269.79, 956.06),
    Vector3.new(-4767.95, 7275.21, 955.56),
    Vector3.new(-4773.64, 7279.46, 955.16),
    Vector3.new(-4780.00, 7284.66, 954.70),
    Vector3.new(-4779.37, 7291.84, 959.36),
    Vector3.new(-4778.75, 7298.80, 963.99),
    Vector3.new(-4778.13, 7305.63, 968.54),
    Vector3.new(-4777.53, 7312.30, 972.98),
    Vector3.new(-4776.92, 7319.12, 977.52),
    Vector3.new(-4776.31, 7325.89, 982.06),
    Vector3.new(-4775.50, 7335.04, 988.09),
    Vector3.new(-4773.55, 7341.94, 990.66),
    Vector3.new(-4774.57, 7345.68, 994.95),
    Vector3.new(-4777.01, 7350.05, 996.67),
    Vector3.new(-4780.06, 7358.75, 999.53),
    Vector3.new(-4782.97, 7364.25, 1001.59),
    Vector3.new(-4788.50, 7370.98, 1004.81),
    Vector3.new(-4793.79, 7380.24, 1008.58),
    Vector3.new(-4795.48, 7385.56, 1010.11),
    Vector3.new(-4800.56, 7391.92, 1013.34),
    Vector3.new(-4800.84, 7396.99, 1014.52),
    Vector3.new(-4801.46, 7407.41, 1017.12),
    Vector3.new(-4801.75, 7412.45, 1018.37),
    Vector3.new(-4800.81, 7420.56, 1020.39),
    Vector3.new(-4802.73, 7429.33, 1022.55),
    Vector3.new(-4803.18, 7436.94, 1024.44),
    Vector3.new(-4803.64, 7444.81, 1026.39),
    Vector3.new(-4804.12, 7452.88, 1028.39),
    Vector3.new(-4803.14, 7462.31, 1030.74),
    Vector3.new(-4804.78, 7464.73, 1031.24),
    Vector3.new(-4805.27, 7472.63, 1035.05),
    Vector3.new(-4805.75, 7480.04, 1038.70),
    Vector3.new(-4806.24, 7487.60, 1042.43),
    Vector3.new(-4806.69, 7494.50, 1045.84),
    Vector3.new(-4807.19, 7502.31, 1049.69),
    Vector3.new(-4807.65, 7509.45, 1053.21),
    Vector3.new(-4808.16, 7517.34, 1057.10),
    Vector3.new(-4808.17, 7525.27, 1060.50),
    Vector3.new(-4808.67, 7527.50, 1061.83),
    Vector3.new(-4807.15, 7534.12, 1062.55),
    Vector3.new(-4808.95, 7543.90, 1065.37),
    Vector3.new(-4809.08, 7551.38, 1067.00),
    Vector3.new(-4809.20, 7558.81, 1068.56),
    Vector3.new(-4815.90, 7559.63, 1073.97),
    Vector3.new(-4822.16, 7560.28, 1079.04),
    Vector3.new(-4828.55, 7561.49, 1084.20),
    Vector3.new(-4834.95, 7562.55, 1089.38),
    Vector3.new(-4838.03, 7562.64, 1091.88),
    Vector3.new(-4840.33, 7570.49, 1090.28),
    Vector3.new(-4842.76, 7578.57, 1088.59),
    Vector3.new(-4844.90, 7585.73, 1087.11),
    Vector3.new(-4846.11, 7595.37, 1085.55),
    Vector3.new(-4849.30, 7602.97, 1083.93),
    Vector3.new(-4850.53, 7604.91, 1083.19),
    Vector3.new(-4850.44, 7613.83, 1083.95),
    Vector3.new(-4850.36, 7621.86, 1084.66),
    Vector3.new(-4850.28, 7629.20, 1085.29),
    Vector3.new(-4850.18, 7638.27, 1086.08),
    Vector3.new(-4848.60, 7645.41, 1087.45),
    Vector3.new(-4850.01, 7654.46, 1087.49),
    Vector3.new(-4849.93, 7661.88, 1088.14),
    Vector3.new(-4849.86, 7669.29, 1088.75),
    Vector3.new(-4849.94, 7677.25, 1089.38),
    Vector3.new(-4850.03, 7685.48, 1090.05),
    Vector3.new(-4850.12, 7693.78, 1090.73),
    Vector3.new(-4850.22, 7702.62, 1091.46),
    Vector3.new(-4848.91, 7714.99, 1091.91),
    Vector3.new(-4850.29, 7720.98, 1092.89),
    Vector3.new(-4850.42, 7728.82, 1093.56),
    Vector3.new(-4848.67, 7737.56, 1093.97),
    Vector3.new(-4850.63, 7741.58, 1094.62),
    Vector3.new(-4854.30, 7752.22, 1094.92),
    Vector3.new(-4856.61, 7757.80, 1095.06),
    Vector3.new(-4859.70, 7765.69, 1095.29),
    Vector3.new(-4861.09, 7773.35, 1095.41),
    Vector3.new(-4865.64, 7780.70, 1095.73),
    Vector3.new(-4866.02, 7781.39, 1095.75),
    Vector3.new(-4866.50, 7788.52, 1092.49),
    Vector3.new(-4867.01, 7796.03, 1088.96),
    Vector3.new(-4867.51, 7803.32, 1085.53),
    Vector3.new(-4867.98, 7810.01, 1082.39),
    Vector3.new(-4867.61, 7817.65, 1079.15),
    Vector3.new(-4869.05, 7825.58, 1075.07),
    Vector3.new(-4869.54, 7833.41, 1071.70),
    Vector3.new(-4869.61, 7834.31, 1071.20),
    Vector3.new(-4872.84, 7841.74, 1071.49),
    Vector3.new(-4876.48, 7849.46, 1071.09),
    Vector3.new(-4879.79, 7856.68, 1071.02),
    Vector3.new(-4882.42, 7866.21, 1071.40),
    Vector3.new(-4886.37, 7871.33, 1070.91),
    Vector3.new(-4889.49, 7879.30, 1068.33),
    Vector3.new(-4890.46, 7885.59, 1065.10),
    Vector3.new(-4895.41, 7894.16, 1063.44),
    Vector3.new(-4898.37, 7901.59, 1060.99),
    Vector3.new(-4899.39, 7909.70, 1058.12),
    Vector3.new(-4902.95, 7916.81, 1056.01),
    Vector3.new(-4906.55, 7923.37, 1054.02),
    Vector3.new(-4907.43, 7924.79, 1053.50),
    Vector3.new(-4909.68, 7933.29, 1053.43),
    Vector3.new(-4911.86, 7941.33, 1053.36),
    Vector3.new(-4913.90, 7948.87, 1053.29),
    Vector3.new(-4915.97, 7956.54, 1053.23),
    Vector3.new(-4918.13, 7964.54, 1053.16),
    Vector3.new(-4920.31, 7972.60, 1053.09),
    Vector3.new(-4922.64, 7981.23, 1053.02),
    Vector3.new(-4924.72, 7988.93, 1052.95),
    Vector3.new(-4926.82, 7996.59, 1052.88),
    Vector3.new(-4928.75, 8007.05, 1052.95),
    Vector3.new(-4931.22, 8014.60, 1052.69),
    Vector3.new(-4931.72, 8015.43, 1052.72),
    Vector3.new(-4933.52, 8022.14, 1052.42),
    Vector3.new(-4935.83, 8030.50, 1052.03),
    Vector3.new(-4937.90, 8038.00, 1051.68),
    Vector3.new(-4939.83, 8046.22, 1051.21),
    Vector3.new(-4942.12, 8054.01, 1051.32),
    Vector3.new(-4943.51, 8062.35, 1051.40),
    Vector3.new(-4945.11, 8071.80, 1050.45),
    Vector3.new(-4948.15, 8078.92, 1049.95),
    Vector3.new(-4949.72, 8081.68, 1049.72),
    Vector3.new(-4953.26, 8087.26, 1048.61),
    Vector3.new(-4957.90, 8094.05, 1047.16),
    Vector3.new(-4962.08, 8100.97, 1045.67),
    Vector3.new(-4965.72, 8108.25, 1044.26),
    Vector3.new(-4970.39, 8115.03, 1043.85),
    Vector3.new(-4975.96, 8120.98, 1041.51),
    Vector3.new(-4980.62, 8128.91, 1039.80),
    Vector3.new(-4982.68, 8130.51, 1039.40),
    Vector3.new(-4991.35, 8132.61, 1037.33),
    Vector3.new(-4999.20, 8134.36, 1035.45),
    Vector3.new(-5008.10, 8136.30, 1033.32),
    Vector3.new(-5014.95, 8138.09, 1031.67),
    Vector3.new(-5016.16, 8138.30, 1031.38),
    Vector3.new(-5016.97, 8146.42, 1029.86),
    Vector3.new(-5017.35, 8154.83, 1027.49),
    Vector3.new(-5019.88, 8162.84, 1027.00),
    Vector3.new(-5021.14, 8171.13, 1026.40),
    Vector3.new(-5023.28, 8179.31, 1023.70),
    Vector3.new(-5023.48, 8180.26, 1023.49),
    Vector3.new(-5024.57, 8188.15, 1021.13),
    Vector3.new(-5025.84, 8196.98, 1018.40),
    Vector3.new(-5026.85, 8204.01, 1016.25),
    Vector3.new(-5028.06, 8212.49, 1013.64),
    Vector3.new(-5029.10, 8219.94, 1011.41),
    Vector3.new(-5030.20, 8227.71, 1009.03),
    Vector3.new(-5031.53, 8235.17, 1007.73),
    Vector3.new(-5032.55, 8244.20, 1003.99),
    Vector3.new(-5032.55, 8244.34, 1003.98),
    Vector3.new(-5036.08, 8250.61, 999.59),
    Vector3.new(-5039.78, 8256.95, 995.00),
    Vector3.new(-5043.58, 8263.54, 990.27),
    Vector3.new(-5046.99, 8269.41, 986.02),
    Vector3.new(-5050.19, 8274.90, 982.04),
    Vector3.new(-5053.80, 8281.14, 977.54),
    Vector3.new(-5057.43, 8287.67, 973.03),
    Vector3.new(-5062.89, 8292.17, 968.56),
    Vector3.new(-5068.34, 8296.50, 964.09),
    Vector3.new(-5073.48, 8300.57, 959.88),
    Vector3.new(-5078.66, 8304.69, 955.64),
    Vector3.new(-5084.03, 8308.92, 951.24),
    Vector3.new(-5089.93, 8313.67, 946.40),
    Vector3.new(-5095.22, 8317.78, 942.07),
    Vector3.new(-5100.23, 8323.06, 937.42),
    Vector3.new(-5106.08, 8327.21, 933.02),
    Vector3.new(-5107.24, 8327.87, 932.22),
    Vector3.new(-5109.68, 8333.67, 937.21),
    Vector3.new(-5113.87, 8336.78, 944.12),
    Vector3.new(-5117.20, 8341.17, 950.12),
    Vector3.new(-5120.48, 8345.50, 956.01),
    Vector3.new(-5122.70, 8351.79, 960.92),
    Vector3.new(-5127.59, 8354.95, 968.78),
    Vector3.new(-5130.76, 8359.12, 974.48),
    Vector3.new(-5133.64, 8365.14, 980.08),
    Vector3.new(-5137.55, 8368.67, 986.69),
    Vector3.new(-5138.62, 8369.94, 988.59),
    Vector3.new(-5141.89, 8375.02, 993.40),
    Vector3.new(-5145.46, 8380.44, 998.65),
    Vector3.new(-5148.96, 8386.20, 1003.79),
    Vector3.new(-5152.36, 8391.97, 1008.98),
    Vector3.new(-5156.52, 8397.54, 1014.90),
    Vector3.new(-5160.17, 8403.06, 1020.28),
    Vector3.new(-5163.76, 8408.46, 1025.55),
    Vector3.new(-5167.22, 8413.68, 1030.64),
    Vector3.new(-5170.74, 8419.02, 1035.80),
    Vector3.new(-5171.13, 8419.60, 1036.38),
    Vector3.new(-5172.08, 8425.70, 1041.94),
    Vector3.new(-5172.99, 8431.42, 1047.27),
    Vector3.new(-5173.96, 8437.53, 1052.96),
    Vector3.new(-5174.97, 8443.80, 1058.83),
    Vector3.new(-5175.91, 8449.68, 1064.35),
    Vector3.new(-5176.88, 8455.67, 1070.00),
    Vector3.new(-5177.88, 8462.60, 1075.99),
    Vector3.new(-5178.87, 8468.49, 1081.64),
    Vector3.new(-5179.16, 8470.35, 1083.34),
    Vector3.new(-5180.27, 8476.63, 1089.71),
    Vector3.new(-5181.15, 8482.08, 1094.99),
    Vector3.new(-5182.36, 8487.67, 1101.69),
    Vector3.new(-5182.52, 8488.33, 1102.64),
    Vector3.new(-5184.79, 8488.30, 1108.23),
    Vector3.new(-5184.79, 8488.43, 1108.23),
    Vector3.new(-5180.53, 8487.98, 1102.53),
    Vector3.new(-5180.53, 8488.11, 1102.53),
    Vector3.new(-5182.64, 8488.70, 1104.92),
    Vector3.new(-5182.64, 8488.83, 1104.92),
    Vector3.new(-5183.01, 8488.53, 1106.74),
    Vector3.new(-5183.01, 8488.66, 1106.74),
    Vector3.new(-5183.01, 8488.78, 1106.74),
}
